Date,Symbol,Open,High,Low,Close,Volume,Dividends,Stock Splits
2019-03-12,FOXA,36.27656936645508,36.27656936645508,36.27656936645508,36.27656936645508,10000,0.0,0
2019-03-13,FOXA,37.23121959758255,38.09040304497119,36.94482632901567,37.94720458984375,20477400,0.0,0
2019-03-14,FOXA,37.947201659247796,39.52236997725014,37.947201659247796,38.8063850402832,6248600,0.0,0
2019-03-15,FOXA,39.50327499406099,39.97104976108256,39.36962506062625,39.80876159667969,7107300,0.0,0
2019-03-18,FOXA,40.04742323258102,40.04742323258102,39.1882398866612,39.80876159667969,4020900,0.0,0
2019-03-19,FOXA,39.66556224352916,39.808760678441935,38.0331175656234,38.510440826416016,10118500,0.0,0
2019-03-20,FOXA,38.6536419042351,38.95912852069474,36.50568708380393,36.86845016479492,15683200,0.0,0
2019-03-21,FOXA,37.231216119183266,38.2526876547079,36.99255447739363,38.2049560546875,12751700,0.0,0
2019-03-22,FOXA,38.119034333566205,38.17631443351764,35.98062461064782,36.96391296386719,10898000,0.0,0
2019-03-25,FOXA,37.126204501535035,37.193029470058455,35.694234647425816,35.741966247558594,9338900,0.0,0
2019-03-26,FOXA,35.94244839183938,36.5438731687391,35.80879479972919,35.83743667602539,6287100,0.0,0
2019-03-27,FOXA,35.81834222976157,36.19065383523585,35.09280874685299,35.24555206298828,5578100,0.0,0
2019-03-28,FOXA,35.17872207545789,35.46511893886588,34.69185396270163,34.7491340637207,5326200,0.0,0
2019-03-29,FOXA,34.89233115843818,35.236004503878085,34.510474718150896,35.045074462890625,5895300,0.0,0
2019-04-01,FOXA,35.23600630401792,35.46512309324554,35.04507625327621,35.17872619628906,5311200,0.0,0
2019-04-02,FOXA,35.28373870707636,35.49376213182769,34.271815606048115,34.634578704833984,6704600,0.0,0
2019-04-03,FOXA,34.72049786932856,34.90188306470259,34.27181641722353,34.44365310668945,8393500,0.0,0
2019-04-04,FOXA,34.55821175561511,35.13099832701625,34.37682654937713,35.092811584472656,4908400,0.0,0
2019-04-05,FOXA,35.12144969358508,36.13337277059052,35.02598284746997,35.97108459472656,7344900,0.0,0
2019-04-08,FOXA,35.89470842272883,35.97108189388652,35.57490270605298,35.770606994628906,3393300,0.0,0
2019-04-09,FOXA,35.7228745847439,35.94244651087583,35.48421293099754,35.61786651611328,5725900,0.0,0
2019-04-10,FOXA,35.636952119195094,35.82787848723408,34.710943939120455,34.82550048828125,4828400,0.0,0
2019-04-11,FOXA,34.911431607576795,35.47467333980047,34.35773838226736,35.4078483581543,4791400,0.0,0
2019-04-12,FOXA,35.46512159880584,35.913803011201196,34.8159616386512,35.827884674072266,6368500,0.0,0
2019-04-15,FOXA,35.76105970538173,35.86607141094905,35.312378292986374,35.827884674072266,3927100,0.0,0
2019-04-16,FOXA,35.9615369826364,36.13337366822459,35.77061056903878,36.03791046142578,5722000,0.0,0
2019-04-17,FOXA,36.152463818866295,37.08801700060601,36.047452115725214,37.07847213745117,7603800,0.0,0
2019-04-18,FOXA,37.14529837077841,37.23121670885096,36.687068448287384,36.69661331176758,4737400,0.0,0
2019-04-22,FOXA,36.62024375797946,36.69661359146619,35.913803679366545,35.990177154541016,7675300,0.0,0
2019-04-23,FOXA,36.07609503892097,36.648881528764804,35.923351732183434,36.352943420410156,6328800,0.0,0
2019-04-24,FOXA,36.228831755735094,36.57250504380326,36.09040759016948,36.23837661743164,5323500,0.0,0
2019-04-25,FOXA,36.25747747125155,36.46750088882481,35.8374342777928,36.419769287109375,5309700,0.0,0
2019-04-26,FOXA,36.352945775357064,36.78253384972484,36.18110908893478,36.73480224609375,5297400,0.0,0
2019-04-29,FOXA,36.792083010663724,37.732410549862315,36.57251471670024,37.422149658203125,6885200,0.0,0
2019-04-30,FOXA,37.412594628037624,37.546248195640516,36.725251631659525,37.2216682434082,5044400,0.0,0
2019-05-01,FOXA,37.345771747921226,37.69899359089766,36.90663521208234,37.613075256347656,5149800,0.0,0
2019-05-02,FOXA,37.450779427125546,37.67989617520817,35.39829176488128,35.58921813964844,11495900,0.0,0
2019-05-03,FOXA,35.713326891260635,36.037906860305725,35.436478520845334,35.770606994628906,4809800,0.0,0
2019-05-06,FOXA,35.48420666303588,36.26702009939986,35.28373178330608,36.200191497802734,4801300,0.0,0
2019-05-07,FOXA,35.875611950636056,36.09518017639585,35.436471857429616,35.57012176513672,6053300,0.0,0
2019-05-08,FOXA,35.64650004759857,35.990173366334304,35.183495917728905,35.722869873046875,8635300,0.0,0
2019-05-09,FOXA,36.75389099121094,37.46987588065011,35.80878933480874,36.75389099121094,15210200,0.0,0
2019-05-10,FOXA,36.88753961966641,36.992551315748834,35.74196310864769,36.782527923583984,6742500,0.0,0
2019-05-13,FOXA,36.05700238644639,36.925730643585176,36.01881564858171,36.24793243408203,5604000,0.0,0
2019-05-14,FOXA,36.32429785665045,36.77298286784964,36.15437308465865,36.17155456542969,6198600,0.0,0
2019-05-15,FOXA,35.99017666367685,36.247931676343605,35.86607158905485,35.99972152709961,2975400,0.0,0
2019-05-16,FOXA,36.19064596891194,36.35293775547973,35.03552466410806,35.07371139526367,8704900,0.0,0
2019-05-17,FOXA,35.12174825437382,36.11122737007224,35.11213959744009,35.85184860229492,5508000,0.23,0
2019-05-20,FOXA,35.71735567259197,36.159258598205696,35.5444364991555,35.67892837524414,3670000,0.0,0
2019-05-21,FOXA,35.794206367213974,36.5050967049577,35.64050084346246,36.20729064941406,4668600,0.0,0
2019-05-22,FOXA,36.17847125114895,36.27453582724579,35.59727213711711,35.65971374511719,3431200,0.0,0
2019-05-23,FOXA,35.37152151266664,35.62129531036464,35.18899732560211,35.45798110961914,4431900,0.0,0
2019-05-24,FOXA,35.592473417642694,35.74137829807474,35.40034057054373,35.467586517333984,2879000,0.0,0
2019-05-28,FOXA,35.51561664973281,35.87105997653127,35.06890941099649,35.1985969543457,4380400,0.0,0
2019-05-29,FOXA,35.06410615111658,35.20820668334254,34.382038116455085,34.38203811645508,3691300,0.0,0
2019-05-30,FOXA,34.468496943655246,34.73267636074562,33.76721527583493,33.8344612121582,4730400,0.0,0
2019-05-31,FOXA,33.5943003062372,33.88249773573822,33.33492152029754,33.84407043457031,6706100,0.0,0
2019-06-03,FOXA,33.671153372257486,33.91131852279374,32.45111396777777,32.89302062988281,7665000,0.0,0
2019-06-04,FOXA,33.16200060238903,33.863282321345096,32.80655724667243,33.123573303222656,8058900,0.0,0
2019-06-05,FOXA,33.25806709622461,33.603905479331175,32.931442363804976,33.008296966552734,6240600,0.0,0
2019-06-06,FOXA,33.296494235959884,33.296494235959884,32.643244774291844,32.77773666381836,5288300,0.0,0
2019-06-07,FOXA,32.835379944176566,33.085150090348804,32.662460741199865,32.67206573486328,4226800,0.0,0
2019-06-10,FOXA,32.71049020058209,33.046723583698096,32.56639332035731,32.69127655029297,5620500,0.0,0
2019-06-11,FOXA,32.883401391834994,33.056320537756825,32.67205495467984,32.83536911010742,3166900,0.0,0
2019-06-12,FOXA,32.854590238296154,33.71918250018638,32.81616293831107,33.67115020751953,4426800,0.0,0
2019-06-13,FOXA,33.786428609729235,34.10344833922851,33.58757484381372,33.901710510253906,4384800,0.0,0
2019-06-14,FOXA,33.85368347167969,34.103453632324474,33.55587734604625,33.85368347167969,4362200,0.0,0
2019-06-17,FOXA,34.02659221899353,34.89599243962846,33.94974128670554,34.70866394042969,7195400,0.0,0
2019-06-18,FOXA,35.01607781152747,35.59247267618776,34.66063443380793,34.76630401611328,4938900,0.0,0
2019-06-19,FOXA,34.83354808350571,34.98725361677027,34.274446634072575,34.57417297363281,4790000,0.0,0
2019-06-20,FOXA,34.94883321845129,35.04009348236574,34.16109182944101,34.18030548095703,5916500,0.0,0
2019-06-21,FOXA,34.20912239411492,35.827833057628986,33.92092496522294,34.75669860839844,11402200,0.0,0
2019-06-24,FOXA,34.59338517709575,34.65102613000214,34.204318822707926,34.39164733886719,5280100,0.0,0
2019-06-25,FOXA,34.37242679144605,34.44928137990121,33.75760474231871,33.949737548828125,7204300,0.0,0
2019-06-26,FOXA,34.382037969724024,34.67984036026456,33.940135047572504,34.07462692260742,4297300,0.0,0
2019-06-27,FOXA,34.13226635894684,34.900797689898624,33.81525029986387,34.57417297363281,5083900,0.0,0
2019-06-28,FOXA,34.56456122820015,35.31387517783708,34.40125071697309,35.1985969543457,10930000,0.0,0
2019-07-01,FOXA,35.025681229175625,35.534833790174474,34.33400815561994,34.50692367553711,6396600,0.0,0
2019-07-02,FOXA,34.59338503387087,35.17938855979076,34.506925437183845,35.150569915771484,3599500,0.0,0
2019-07-03,FOXA,35.16017475113126,35.371521245335444,34.84315867445416,34.92000961303711,3160300,0.0,0
2019-07-05,FOXA,34.81433682011361,35.35230433447243,34.65582696407767,35.16017150878906,1982000,0.0,0
2019-07-08,FOXA,35.092925931127404,35.232222139567575,34.66063164967108,34.70866394042969,1644600,0.0,0
2019-07-09,FOXA,34.612598004415844,34.84315814592574,34.41086017098788,34.60299301147461,2379600,0.0,0
2019-07-10,FOXA,34.76630927942756,34.99686945897397,34.65583535154698,34.71827697753906,2400700,0.0,0
2019-07-11,FOXA,34.74708383967134,34.920002999520214,34.4396728143019,34.86236572265625,2987000,0.0,0
2019-07-12,FOXA,35.02568170257675,35.582866563562796,34.67984332881011,35.506011962890625,2755700,0.0,0
2019-07-15,FOXA,35.5732526487933,35.69813952411401,35.19859568745968,35.554039001464844,2861600,0.0,0
2019-07-16,FOXA,35.477191749495766,35.65011092872453,35.188994338990796,35.24663162231445,2721500,0.0,0
2019-07-17,FOXA,35.285060598567824,35.31387924159982,34.68945209992232,34.74708938598633,5740500,0.0,0
2019-07-18,FOXA,34.74709241327885,35.27545867909255,34.545354565220556,35.112144470214844,5286800,0.0,0
2019-07-19,FOXA,35.256243108505245,35.294670410223965,34.71827187833071,34.996864318847656,4402000,0.0,0
2019-07-22,FOXA,35.073714575976695,35.169782828406355,34.64142026624515,34.67984390258789,7865700,0.0,0
2019-07-23,FOXA,34.76630555889989,34.95843841052245,34.43007581703241,34.795127868652344,5573600,0.0,0
2019-07-24,FOXA,34.708663582756316,35.40994528156609,34.708663582756316,35.16017150878906,5980600,0.0,0
2019-07-25,FOXA,35.18899453710792,35.87106260088986,35.18899453710792,35.70774841308594,3251600,0.0,0
2019-07-26,FOXA,35.82303227525964,36.31296753629647,35.621294442163844,35.746177673339844,2669100,0.0,0
2019-07-29,FOXA,35.69814074419501,36.09201136631869,35.61168116057622,36.03437042236328,2130600,0.0,0
2019-07-30,FOXA,35.88066841294754,36.48588555748124,35.85184977046513,36.33218002319336,2971800,0.0,0
2019-07-31,FOXA,36.18807830239763,36.20921588180027,35.361913372912575,35.85184860229492,5280600,0.0,0
2019-08-01,FOXA,35.784604857746636,36.015164998125975,35.280256612020715,35.43876647949219,3280700,0.0,0
2019-08-02,FOXA,35.28505994607775,35.506011422705114,34.90079794245022,35.188995361328125,2419000,0.0,0
2019-08-05,FOXA,35.03528853790629,35.12174812685147,34.362825475513624,34.63180923461914,4517200,0.0,0
2019-08-06,FOXA,34.737486500666485,35.160175837505875,34.51653500654844,35.01607894897461,3366700,0.0,0
2019-08-07,FOXA,34.478105600863344,35.688539912623106,34.391646007166216,35.58286666870117,4657400,0.0,0
2019-08-08,FOXA,35.755785535984664,35.78460417874935,33.6231180203014,33.74800491333008,9539900,0.0,0
2019-08-09,FOXA,33.72879281228971,34.247550393652396,33.60390591352554,34.00738525390625,4234400,0.0,0
2019-08-12,FOXA,33.66154045200062,33.93052418457912,33.33491577760022,33.57508087158203,4172900,0.0,0
2019-08-13,FOXA,33.4694129410967,34.18990833707499,33.43098564046687,33.68075942993164,2940800,0.0,0
2019-08-14,FOXA,33.33491594847309,33.38294823458996,32.06684453891938,32.364646911621094,7489800,0.0,0
2019-08-15,FOXA,32.54717720663712,32.748915022460146,31.43761189035291,31.46162986755371,7037700,0.0,0
2019-08-16,FOXA,31.701793254519384,31.989990642089293,31.38477356295246,31.692188262939453,3230900,0.0,0
2019-08-19,FOXA,32.00920839758206,32.68647582668146,31.980389754515386,32.53757095336914,3915100,0.0,0
2019-08-20,FOXA,32.499145329394494,32.71048814000324,32.20133926561686,32.268585205078125,2810700,0.0,0
2019-08-21,FOXA,32.31662027921997,32.3982755463669,31.71140310730623,32.09566879272461,3050400,0.0,0
2019-08-22,FOXA,32.06684613172391,32.220551653709784,31.653761854269018,31.749826431274414,3725400,0.0,0
2019-08-23,FOXA,31.634550522340508,31.783451726990585,30.385690774366292,30.5009708404541,3866200,0.0,0
2019-08-26,FOXA,30.58743111935669,30.875628542581364,30.337659164148526,30.817991256713867,3235600,0.0,0
2019-08-27,FOXA,30.95248157651109,31.10618710542602,30.664282335559765,30.67388916015625,3449400,0.0,0
2019-08-28,FOXA,30.789166388128667,31.010117849709953,30.3760839378171,30.539396286010742,3567200,0.0,0
2019-08-29,FOXA,30.741134120857385,31.821877117293777,30.625854061685843,31.452024459838867,3687100,0.0,0
2019-08-30,FOXA,32.39347278199367,32.39347278199367,31.500058236253352,31.8651065826416,2924600,0.0,0
2019-09-03,FOXA,31.594247697587942,32.029564159156735,31.478164537908636,31.700658798217773,2090800,0.23,0
2019-09-04,FOXA,31.91347850414159,32.51324575417511,31.82641521863537,32.46487808227539,2280900,0.0,0
2019-09-05,FOXA,32.54226714629259,33.282303262712695,32.46487960566505,33.132362365722656,3946900,0.0,0
2019-09-06,FOXA,33.20007750989742,33.606374087264435,32.948563392645035,33.113014221191406,2514600,0.0,0
2019-09-09,FOXA,32.30042398760472,33.219424526460834,32.30042398760472,33.180728912353516,2659800,0.0,0
2019-09-10,FOXA,32.74541247918832,33.587025480046655,32.74541247918832,33.180728912353516,3198100,0.0,0
2019-09-11,FOXA,33.16138009857112,33.306486801959934,32.69704381403041,32.89051818847656,3287100,0.0,0
2019-09-12,FOXA,33.07431920159205,33.07431920159205,32.57128726781437,32.687374114990234,4290500,0.0,0
2019-09-13,FOXA,32.85182179306594,33.09366383280915,32.416505383484825,32.72606658935547,4606100,0.0,0
2019-09-16,FOXA,32.5809656089456,32.726072334351386,32.37781914555135,32.50357437133789,2175600,0.0,0
2019-09-17,FOXA,32.493898071605415,32.493898071605415,31.72000424760063,31.7877197265625,6701300,0.0,0
2019-09-18,FOXA,31.807069681450788,31.884457223969022,31.081543480534044,31.574899673461914,5590600,0.0,0
2019-09-19,FOXA,31.420120841683918,31.710330583485113,30.91708890046054,30.99448013305664,4889000,0.0,0
2019-09-20,FOXA,30.946108590017417,31.366913241657528,30.68491873240283,31.21697235107422,8111700,0.0,0
2019-09-23,FOXA,31.313707695279547,31.429794536586144,30.950946464292738,31.21697235107422,3485400,0.0,0
2019-09-24,FOXA,31.226644881521366,31.38626152306854,30.447915016287784,30.559162139892578,5844900,0.0,0
2019-09-25,FOXA,30.57851280717917,31.12991244753738,30.53014328471263,30.965457916259766,4376500,0.0,0
2019-09-26,FOXA,31.129909198550738,31.13958125692597,30.365687429317795,30.423730850219727,5960000,0.0,0
2019-09-27,FOXA,30.617205134746737,30.684920617894736,30.13352100356556,30.414058685302734,4252800,0.0,0
2019-09-30,FOXA,30.597857879474574,30.830027890331586,30.326995941989004,30.505958557128906,3152800,0.0,0
2019-10-01,FOXA,30.694593168276448,31.023498510583355,30.1818891927045,30.220582962036133,2703400,0.0,0
2019-10-02,FOXA,30.152867629509487,30.26895262828966,29.374135913620247,29.42734146118164,4879800,0.0,0
2019-10-03,FOXA,29.349950786977498,29.553097219528095,28.735671770047052,29.466033935546875,7168800,0.0,0
2019-10-04,FOXA,29.60146853458031,29.804614979476185,29.378974282044304,29.572446823120117,2858300,0.0,0
2019-10-07,FOXA,29.746573909478105,30.12384693935871,29.58212123194657,29.601469039916992,4854600,0.0,0
2019-10-08,FOXA,29.28223740387234,29.291911307796443,28.725999921441698,29.07425308227539,3829600,0.0,0
2019-10-09,FOXA,29.36930062313033,29.45636391312842,28.982351847535014,29.243541717529297,3537100,0.0,0
2019-10-10,FOXA,29.25321460466017,29.55309823472566,29.0694141271517,29.524078369140625,3493600,0.0,0
2019-10-11,FOXA,29.978738741610144,30.718774785790284,29.75624450997679,30.433401107788086,4444200,0.0,0
2019-10-14,FOXA,30.24960326891032,30.404382029270103,30.027109031531676,30.365686416625977,2998500,0.0,0
2019-10-15,FOXA,30.30764418402347,30.767144426089125,30.13351762112631,30.665571212768555,3758800,0.0,0
2019-10-16,FOXA,30.57850876773737,30.965453825702262,30.5156293193916,30.946107864379883,4383300,0.0,0
2019-10-17,FOXA,31.052518854353323,31.09121446938912,30.510795004720013,30.93643569946289,9068100,0.0,0
2019-10-18,FOXA,30.99447899691617,31.507182978311725,30.917087767156943,31.1589298248291,8890300,0.0,0
2019-10-21,FOXA,31.304035631118776,31.73935206039539,31.14925686628896,31.6716365814209,5158700,0.0,0
2019-10-22,FOXA,31.661964548175465,32.46971620659561,31.48783795603232,32.35847091674805,5518000,0.0,0
2019-10-23,FOXA,32.242382495745275,32.57128412704397,32.06825593198911,32.15531921386719,7061400,0.0,0
2019-10-24,FOXA,32.09727576514258,32.30042219259137,30.752634616481522,31.245990753173828,9056900,0.0,0
2019-10-25,FOXA,31.33305773982954,31.705496591073306,31.26534225600651,31.352405548095703,5446800,0.0,0
2019-10-28,FOXA,31.478162419051575,32.319771727956116,31.352403518570757,31.91347885131836,8672300,0.0,0
2019-10-29,FOXA,31.749023775359664,31.961845958530287,31.48783392061848,31.76837158203125,3507400,0.0,0
2019-10-30,FOXA,31.594244226069918,31.778042849551458,30.9557813826612,31.033172607421875,4342900,0.0,0
2019-10-31,FOXA,30.95578451675859,31.033175749354683,30.63655306273386,30.99448013305664,5058400,0.0,0
2019-11-01,FOXA,31.1202333107443,31.478162202713104,30.917086873821578,31.33305549621582,3809000,0.0,0
2019-11-04,FOXA,31.43946725729823,31.536202603541614,31.236320816056978,31.487834930419922,2593900,0.0,0
2019-11-05,FOXA,31.51686019985105,32.000544337796825,31.463654649459645,31.76353645324707,3198300,0.0,0
2019-11-06,FOXA,31.76837190796823,32.09727724432606,31.245992193126355,32.0198860168457,5636000,0.0,0
2019-11-07,FOXA,32.84215411071524,33.828870207153244,32.2810787324552,33.79984664916992,7987600,0.0,0
2019-11-08,FOXA,33.85788569803316,34.080379932651375,33.46126489889344,33.993316650390625,4979800,0.0,0
2019-11-11,FOXA,33.80952139448093,33.92560455231522,33.461268230761014,33.84821701049805,3279900,0.0,0
2019-11-12,FOXA,33.92560110836115,33.9594588463848,33.3258338818494,33.35969161987305,3906100,0.0,0
2019-11-13,FOXA,33.24843988786525,33.58702093011245,33.07431333818759,33.14202880859375,4313900,0.0,0
2019-11-14,FOXA,33.02594511779702,33.38387026825191,32.88084212231243,33.103336334228516,4022400,0.0,0
2019-11-15,FOXA,33.26779366748311,33.548331346819296,32.82280515625697,33.151710510253906,4475200,0.0,0
2019-11-18,FOXA,33.19040561811023,34.09973043455355,33.093666580052236,34.04168701171875,5690300,0.0,0
2019-11-19,FOXA,34.070710616753956,35.139652079852176,34.070710616753956,35.0767707824707,5873500,0.0,0
2019-11-20,FOXA,34.49635111618386,35.22187729251152,34.49635111618386,34.71884536743164,4320300,0.0,0
2019-11-21,FOXA,34.757539867892184,35.163832742302645,34.399614665642474,34.5350456237793,2861500,0.0,0
2019-11-22,FOXA,34.6027604255176,34.86395027833318,34.346408446888454,34.4963493347168,4408100,0.0,0
2019-11-25,FOXA,34.535049102802056,34.68982788343878,34.19646798313487,34.51570129394531,4900400,0.0,0
2019-11-26,FOXA,34.506027631061144,34.91716213624898,34.389944461118105,34.757545471191406,3086300,0.0,0
2019-11-27,FOXA,34.883296158742056,35.009051358911314,34.51085736150387,34.612430572509766,2455900,0.0,0
2019-11-29,FOXA,34.64145378626426,34.82525240101388,34.215809450735506,34.593082427978516,1704900,0.0,0
2019-12-02,FOXA,34.583415431479786,34.84460530553659,34.389941040672845,34.43830871582031,2564800,0.0,0
2019-12-03,FOXA,34.25450920522937,34.36575817644182,33.577350699691294,34.04168701171875,4190500,0.0,0
2019-12-04,FOXA,34.370591673590106,34.525370441171795,33.84821563938749,34.34157180786133,3768400,0.0,0
2019-12-05,FOXA,34.48667851693905,34.60276167007109,34.08038194565156,34.34157180786133,2921800,0.0,0
2019-12-06,FOXA,34.54471688812414,34.738191262537,34.19646375222434,34.26417922973633,1733500,0.0,0
2019-12-09,FOXA,34.34156989897478,34.83976391411678,34.196463197962856,34.4576530456543,2849100,0.0,0
2019-12-10,FOXA,34.35124319154958,34.83492729201768,34.09005702468761,34.641456604003906,5996800,0.0,0
2019-12-11,FOXA,34.58340928969514,35.40083650832082,34.58340928969514,34.98003005981445,5668700,0.0,0
2019-12-12,FOXA,35.13481417177158,35.73458144714335,34.9307008902319,35.647518157958984,5796400,0.0,0
2019-12-13,FOXA,35.53143378062062,35.78295158082287,35.31377741025281,35.57012939453125,5970900,0.0,0
2019-12-16,FOXA,35.744252815426215,35.94739923522081,35.504344458592676,35.608821868896484,4273000,0.0,0
2019-12-17,FOXA,35.51208651649495,36.04413830013996,35.2460624697809,35.94740295410156,4143100,0.0,0
2019-12-18,FOXA,35.97642102265221,36.11185566664395,35.686211308817654,35.72490692138672,3392500,0.0,0
2019-12-19,FOXA,35.56045163244779,35.95707242703223,35.56045163244779,35.79262161254883,2629300,0.0,0
2019-12-20,FOXA,36.07316004936195,36.07316004936195,35.52176048608332,35.95707321166992,6211700,0.0,0
2019-12-23,FOXA,35.957076955977186,36.397231291739644,35.831321737374004,36.23278045654297,3712100,0.0,0
2019-12-24,FOXA,36.218263291042724,36.37304205206449,36.03446466552212,36.08283233642578,1940700,0.0,0
2019-12-26,FOXA,36.044135390646616,36.44075618173576,36.044135390646616,36.34402084350586,3699200,0.0,0
2019-12-27,FOXA,36.42141714175663,36.48913262599734,36.00061061236037,36.189247131347656,1969000,0.0,0
2019-12-30,FOXA,36.1989158320621,36.334350478195645,35.78295090612494,35.87001419067383,3039600,0.0,0
2019-12-31,FOXA,35.734585016119716,35.96191716559565,35.56045842036016,35.86034393310547,2315400,0.0,0
2020-01-02,FOXA,36.18924931507159,36.24729274373056,35.38149763987537,35.86034393310547,4500700,0.0,0
2020-01-03,FOXA,35.4927374409765,35.77327510076703,35.42502196312592,35.46855545043945,4035800,0.0,0
2020-01-06,FOXA,35.46371886619036,35.56529208666081,35.17350913767238,35.37665557861328,2433100,0.0,0
2020-01-07,FOXA,35.36698770526497,36.01028484436945,35.2122089190584,35.86034393310547,3254000,0.0,0
2020-01-08,FOXA,35.91838421532883,36.28598149398221,35.83132092507576,35.8990364074707,3709700,0.0,0
2020-01-09,FOXA,35.96675109863281,36.1457155497207,35.6136600708694,35.96675109863281,3621900,0.0,0
2020-01-10,FOXA,35.90870792861804,36.02479477402861,35.44437161762668,35.52176284790039,2664000,0.0,0
2020-01-13,FOXA,35.52176149805747,35.937730119429254,35.279919447967686,35.78295135498047,2674400,0.0,0
2020-01-14,FOXA,35.58947928771772,36.28598192785333,35.560455730474985,36.04413986206055,4530900,0.0,0
2020-01-15,FOXA,36.14087866495303,36.3730449800665,35.957076334419725,36.256961822509766,6165200,0.0,0
2020-01-16,FOXA,36.47945380089514,37.862790616975985,36.39239051560975,37.833770751953125,7362800,0.0,0
2020-01-17,FOXA,37.99822336167476,38.43837768305167,37.882140205905344,38.05626678466797,4785900,0.0,0
2020-01-21,FOXA,37.72736513678764,38.094966138047965,37.572586350501815,37.824100494384766,4104800,0.0,0
2020-01-22,FOXA,37.87246602716594,38.0272447896,37.58709049286194,37.814422607421875,3920900,0.0,0
2020-01-23,FOXA,37.50486602537525,37.74670807839659,36.12152918687584,36.26663589477539,5845500,0.0,0
2020-01-24,FOXA,36.08283462500199,36.23761339584069,34.99938322913109,35.41535186767578,9289700,0.0,0
2020-01-27,FOXA,35.250899772705296,35.8071372871807,35.00905769599575,35.676544189453125,9909300,0.0,0
2020-01-28,FOXA,36.13120124847403,36.208592476751754,35.550781797258594,35.92805480957031,3268100,0.0,0
2020-01-29,FOXA,35.744254842753335,36.00544469311038,35.23638507424519,35.386329650878906,2596000,0.0,0
2020-01-30,FOXA,34.98970657380744,35.860339443607224,34.87362342123976,35.8216438293457,2956800,0.0,0
2020-01-31,FOXA,35.7926229643118,35.986097340000086,35.27991900542211,35.87001419067383,5283900,0.0,0
2020-02-03,FOXA,36.08283512352053,36.75032158028568,35.89903648380302,36.363372802734375,3371400,0.0,0
2020-02-04,FOXA,36.721297427495365,37.05987852491326,36.518150983174806,36.78901290893555,3331000,0.0,0
2020-02-05,FOXA,37.28237542284756,37.70801614928285,36.876078815153534,37.40813064575195,6335000,0.0,0
2020-02-06,FOXA,37.824097161641745,38.13365470693776,35.5314354386003,35.8990364074707,9336400,0.0,0
2020-02-07,FOXA,35.773273806689026,35.86033708794984,35.28958973084377,35.79262161254883,3634300,0.0,0
2020-02-10,FOXA,35.66686372426416,36.18924342654388,35.52176071155318,36.08283233642578,3212900,0.0,0
2020-02-11,FOXA,36.0151199019823,36.217299514201855,35.46372028861678,35.91838455200195,2550300,0.0,0
2020-02-12,FOXA,36.11185611122873,36.469781306357326,36.01511707861508,36.440757751464844,3303300,0.0,0
2020-02-13,FOXA,36.30532646849812,37.02601841665531,36.23761099138784,36.75999069213867,2034800,0.0,0
2020-02-14,FOXA,36.83737863605257,36.866398497881384,36.25695556796135,36.56651306152344,2349600,0.0,0
2020-02-18,FOXA,36.52782092522524,36.75031885445529,36.22793915057188,36.54716873168945,2065400,0.0,0
2020-02-19,FOXA,36.69227756122584,37.03085496842677,36.37304427139328,36.78901290893555,1839300,0.0,0
2020-02-20,FOXA,36.46978245246707,36.663256833557796,35.14448903085352,35.8216438293457,5305700,0.0,0
2020-02-21,FOXA,35.512084852712334,36.373041938854726,34.58341228947223,34.815582275390625,5024200,0.0,0
2020-02-24,FOXA,34.486678774568425,34.486678774568425,33.35485602987095,33.55800247192383,5577600,0.0,0
2020-02-25,FOXA,33.67408433082507,33.85788293829793,31.947332448580525,32.12629318237305,5241300,0.0,0
2020-02-26,FOXA,32.46487901269749,32.66802545462844,31.342732017466638,31.72000503540039,5632300,0.0,0
2020-02-27,FOXA,31.178276987056396,31.816739858489683,30.30764596647541,30.317319869995117,7439900,0.0,0
2020-02-28,FOXA,29.26288634590903,30.646223086569332,29.175823065370388,29.736896514892578,7567100,0.0,0
2020-03-02,FOXA,29.72722379234561,31.091212781463007,29.359624695004715,31.062192916870117,7503700,0.0,0
2020-03-03,FOXA,30.613992219063878,31.792953417623043,29.87348804856804,30.195022583007812,4869200,0.23,0
2020-03-04,FOXA,30.516559131886265,30.760145972796494,29.63964687629346,30.136564254760742,4338400,0.0,0
2020-03-05,FOXA,29.386317203682935,29.61041665789558,28.43145720523065,28.68478775024414,5392200,0.0,0
2020-03-06,FOXA,27.525312678855265,28.34376460275855,27.437621268549908,28.100177764892578,8403600,0.0,0
2020-03-09,FOXA,26.239172305353613,27.271979892255104,24.397656557859648,26.775062561035156,6988900,0.0,0
2020-03-10,FOXA,27.544798844974963,28.50940245694739,26.30737731771356,28.363250732421875,4608400,0.0,0
2020-03-11,FOXA,27.486337251339222,27.924794292634267,26.814038932580218,27.06736946105957,5364500,0.0,0
2020-03-12,FOXA,26.073534616500805,26.404812855375706,24.232018768605645,25.547386169433594,7766100,0.0,0
2020-03-13,FOXA,26.853012831593563,27.905307910381115,23.968945526183273,25.479183197021484,6759900,0.0,0
2020-03-16,FOXA,23.199209002404068,24.329451736821756,22.529832130753903,23.394079208374023,9605600,0.0,0
2020-03-17,FOXA,23.744844477325753,24.92380381622964,22.332040151419786,24.49509048461914,7751200,0.0,0
2020-03-18,FOXA,23.111518623791518,24.066380445422087,21.27974641154245,21.76692008972168,7119000,0.0,0
2020-03-19,FOXA,21.71820289330338,23.28690083200177,20.246938200938768,22.23460578918457,6085400,0.0,0
2020-03-20,FOXA,22.575626933695055,22.994596568527104,20.315141503216996,20.451549530029297,8498700,0.0,0
2020-03-23,FOXA,20.58795951945392,20.792573437597827,19.301821262847074,19.68181800842285,8091700,0.0,0
2020-03-24,FOXA,20.578216155559648,21.776662909612774,20.02283662372086,21.718202590942383,6343500,0.0,0
2020-03-25,FOXA,21.786407238272744,24.767909594898562,21.41615420629812,23.52074432373047,7525500,0.0,0
2020-03-26,FOXA,23.579206472044355,24.894573899924538,23.5304879897843,24.329452514648438,5185800,0.0,0
2020-03-27,FOXA,23.540232788500052,23.63766789916245,21.75717713953273,21.932559967041016,6134500,0.0,0
2020-03-30,FOXA,21.7279457513825,23.84227963260759,21.43564228181669,23.686384201049805,5909900,0.0,0
2020-03-31,FOXA,24.05663610738393,24.183300442628216,22.84844564072594,23.023826599121094,5594100,0.0,0
2020-04-01,FOXA,22.08845464298317,22.195633446877032,21.386925215436314,21.76692008972168,4556100,0.0,0
2020-04-02,FOXA,21.913072374279295,22.89716345203683,21.440513299830048,22.088455200195312,4944600,0.0,0
2020-04-03,FOXA,21.93256116451196,22.146916932936477,21.25051721105718,21.727947235107422,4296100,0.0,0
2020-04-06,FOXA,22.819215669964272,24.611041182230043,22.721780560467998,24.417144775390625,4453800,0.0,0
2020-04-07,FOXA,25.537644339014264,26.414558481528744,24.73867977220789,24.83611488342285,4559900,0.0,0
2020-04-08,FOXA,25.274571895593763,25.888409935498707,24.855602219243007,25.625335693359375,4832200,0.0,0
2020-04-09,FOXA,25.859178185565963,26.385324760201254,24.943291204925288,25.323286056518555,5180200,0.0,0
2020-04-13,FOXA,25.16739063748439,25.440208550004165,24.300222136804386,25.323286056518555,3468400,0.0,0
2020-04-14,FOXA,25.66430740663512,25.976098237706598,25.245337780475346,25.829946517944336,2735400,0.0,0
2020-04-15,FOXA,25.108931632446556,25.206366739041034,24.319708941609363,25.040727615356445,2454600,0.0,0
2020-04-16,FOXA,24.982265631136237,25.280415684409174,24.212532185720374,24.88483238220215,2594500,0.0,0
2020-04-17,FOXA,25.52302852686018,26.263532735608237,25.303800001503834,26.185585021972656,4006900,0.0,0
2020-04-20,FOXA,25.4986697374292,26.093022204285877,25.313543224103014,25.391490936279297,2551500,0.0,0
2020-04-21,FOXA,24.72893509538339,25.23559616688908,24.504835649362832,24.88483238220215,3155400,0.0,0
2020-04-22,FOXA,25.381745845850734,25.713024069009336,24.07612034479506,24.13458251953125,3965300,0.0,0
2020-04-23,FOXA,24.24176222300467,24.7825253213002,23.306389621514146,24.22227668762207,4201900,0.0,0
2020-04-24,FOXA,24.26124721792184,24.368426014819313,23.73510064621239,24.197914123535156,4955100,0.0,0
2020-04-27,FOXA,24.563295873054525,25.99558767111817,24.36842751753858,25.71302604675293,3912900,0.0,0
2020-04-28,FOXA,26.297634889521756,27.34018626206744,26.024816961079296,26.44378662109375,5663000,0.0,0
2020-04-29,FOXA,27.30121286219446,27.885821636794397,27.237879764854284,27.642234802246094,5137900,0.0,0
2020-04-30,FOXA,26.853013223832487,27.164804087520853,24.74842303551587,25.20636749267578,6059700,0.0,0
2020-05-01,FOXA,24.777652740478512,25.15764760204919,24.334324782506044,24.777652740478516,2782600,0.0,0
2020-05-04,FOXA,24.670473017362117,24.76790811777719,23.92607174932611,24.353811264038086,4232500,0.0,0
2020-05-05,FOXA,24.397658497008532,24.709449351162494,23.27715755956512,23.48177146911621,4870400,0.0,0
2020-05-06,FOXA,23.67663804084908,24.363552795437098,22.965364976068283,24.173555374145508,5374500,0.0,0
2020-05-07,FOXA,25.78122950570213,26.385325669083485,24.563295341031694,24.602270126342773,8125000,0.0,0
2020-05-08,FOXA,25.303799611613123,25.625334157708075,24.97252136916135,25.333030700683594,6613700,0.0,0
2020-05-11,FOXA,24.884831257269518,25.391490447451297,24.397657600941642,25.01149559020996,4509100,0.0,0
2020-05-12,FOXA,25.147904460052843,25.410978689286015,24.52919367282079,24.70457649230957,3936100,0.0,0
2020-05-13,FOXA,24.573038947657057,24.573038947657057,23.126134429036053,23.8909969329834,4540500,0.0,0
2020-05-14,FOXA,23.50125790031853,25.167390905924915,23.160235970636403,25.108930587768555,4823700,0.0,0
2020-05-15,FOXA,24.865344343694407,25.518157130078283,24.58765550291515,25.391490936279297,3136000,0.0,0
2020-05-18,FOXA,26.297633563404457,26.926088021734913,25.941997019759008,26.76531982421875,4533300,0.0,0
2020-05-19,FOXA,26.78480901375956,27.408390736690905,26.307379024837736,26.862756729125977,4340300,0.0,0
2020-05-20,FOXA,27.164803596754545,27.700695760154986,26.921216756596195,27.096599578857422,3226800,0.0,0
2020-05-21,FOXA,26.901728624880484,27.34505655683614,26.853010146499688,26.91147232055664,2945500,0.0,0
2020-05-22,FOXA,26.82378445774752,27.247625054283866,26.765322275975482,27.086856842041016,2656900,0.0,0
2020-05-26,FOXA,28.00274339182317,28.49966077710099,27.749412850794076,28.28530502319336,4499700,0.0,0
2020-05-27,FOXA,28.918629664379573,29.386315946666553,28.2950479546636,28.8893985748291,5280600,0.0,0
2020-05-28,FOXA,28.850424589786066,29.171959129376326,28.119664103588203,28.187868118286133,3400400,0.0,0
2020-05-29,FOXA,28.03197241760791,28.460683893848547,27.6324901711355,28.421710968017578,4180800,0.0,0
2020-06-01,FOXA,28.382736727903026,28.99170380534913,28.324276408825813,28.7822208404541,2467000,0.0,0
2020-06-02,FOXA,28.869910628587558,28.993653527717942,28.32427664304157,28.548376083374023,3560200,0.0,0
2020-06-03,FOXA,29.045292732165805,30.385020280713935,28.69452896499881,29.980667114257812,5762700,0.0,0
2020-06-04,FOXA,29.785799100685317,30.25348539692996,29.308369107633062,29.746826171875,3668300,0.0,0
2020-06-05,FOXA,31.101166049834323,31.520133829910144,29.75169480940337,30.05861473083496,5592600,0.0,0
2020-06-08,FOXA,30.2340002963701,31.943979154655544,30.2340002963701,31.64680290222168,5503500,0.0,0
2020-06-09,FOXA,30.906295868403564,31.29603441900752,29.961179650886475,30.01963996887207,4999100,0.0,0
2020-06-10,FOXA,29.91246283686985,30.029383472090167,28.772476422161805,29.3668270111084,4328100,0.0,0
2020-06-11,FOXA,28.606837791201823,28.694529198311585,27.194033439695673,27.340185165405273,5890600,0.0,0
2020-06-12,FOXA,28.158637800314192,28.285303995436344,26.950447319750975,27.564287185668945,4221100,0.0,0
2020-06-15,FOXA,26.658142757738382,28.981961294303602,26.41455593241817,28.538633346557617,4892900,0.0,0
2020-06-16,FOXA,29.376571912552304,29.68836276382717,27.252494415217193,27.583772659301758,4684400,0.0,0
2020-06-17,FOXA,27.554541797773886,27.78838492239073,27.096597385948442,27.34992790222168,5167600,0.0,0
2020-06-18,FOXA,27.310956742660675,28.295047783878925,27.008907727722548,28.256072998046875,5025900,0.0,0
2020-06-19,FOXA,29.37657089095656,29.37657089095656,27.48633659781214,27.593515396118164,7580100,0.0,0
2020-06-22,FOXA,27.32070055445926,27.486337819684504,26.872499807598928,27.388904571533203,5569000,0.0,0
2020-06-23,FOXA,27.739667203260673,28.114791140034065,27.457107450181237,27.53505516052246,5512500,0.0,0
2020-06-24,FOXA,27.233009018182287,27.358699543124654,26.209943191554032,26.677629470825195,5106400,0.0,0
2020-06-25,FOXA,26.29763420859121,26.409683928509082,25.74225652794609,26.239173889160156,5782100,0.0,0
2020-06-26,FOXA,25.99558757145814,26.054047892046796,24.816626312663125,25.040727615356445,7361000,0.0,0
2020-06-29,FOXA,25.20636533954489,26.239172951895085,25.069955454518276,26.209941864013672,4638000,0.0,0
2020-06-30,FOXA,26.112506855446462,26.3073770585071,25.795845098497907,26.131994247436523,3837900,0.0,0
2020-07-01,FOXA,26.22943019285164,26.64839984201762,25.800716847377142,26.239173889160156,3724500,0.0,0
2020-07-02,FOXA,26.921215340410956,27.018650443032765,25.79097261020601,25.878664016723633,3614200,0.0,0
2020-07-06,FOXA,26.317121133510984,26.5899390500409,25.44995262008449,25.82020378112793,5096700,0.0,0
2020-07-07,FOXA,25.5668732495423,25.703281278558165,24.972520794396026,25.030982971191406,3815000,0.0,0
2020-07-08,FOXA,24.923803628271806,25.011495033131283,24.353811355105183,24.650985717773438,4276500,0.0,0
2020-07-09,FOXA,24.631502306478644,24.767910344270064,23.31613297868093,23.74484634399414,5923700,0.0,0
2020-07-10,FOXA,23.803302764576483,24.733804280751517,23.58894518784475,24.67047119140625,3359700,0.0,0
2020-07-13,FOXA,24.465861453148037,24.87995831491117,23.71561358136024,24.3197078704834,5806900,0.0,0
2020-07-14,FOXA,24.144329710207984,24.772782383020846,23.85202436947575,24.387916564941406,3664900,0.0,0
2020-07-15,FOXA,24.68021783036822,25.50841343375374,24.68021783036822,25.391490936279297,5356100,0.0,0
2020-07-16,FOXA,25.206365226827206,25.693538872152338,25.108930126078185,25.498668670654297,2200500,0.0,0
2020-07-17,FOXA,25.50841441169654,25.683797235422016,24.368427915901034,24.631502151489258,5080000,0.0,0
2020-07-20,FOXA,24.495092881949887,24.738679730365202,23.671770003337375,24.124841690063477,3842300,0.0,0
2020-07-21,FOXA,24.280736334949715,25.011496856436864,24.173557530437165,24.748422622680664,4913000,0.0,0
2020-07-22,FOXA,24.816626981767445,25.2843151343467,24.57304013792372,25.24534034729004,2859700,0.0,0
2020-07-23,FOXA,25.401236326043804,25.849437094752936,25.279442901497433,25.566875457763672,4029800,0.0,0
2020-07-24,FOXA,25.742255883987696,26.677628405165812,25.644820781759975,25.976099014282227,4132900,0.0,0
2020-07-27,FOXA,25.898150430750935,26.073533237161925,24.758164047499438,25.060211181640625,4550900,0.0,0
2020-07-28,FOXA,24.884830223240215,25.513282801390126,24.800060256213083,25.07969856262207,2593900,0.0,0
2020-07-29,FOXA,25.206366544937165,25.381747505352585,24.75816580142201,25.196622848510742,2170100,0.0,0
2020-07-30,FOXA,24.845857234288307,25.33303090554886,24.61201409509365,25.15764808654785,3669700,0.0,0
2020-07-31,FOXA,25.177134602020978,25.177134602020978,24.524321830944906,25.108930587768555,3924900,0.0,0
2020-08-03,FOXA,25.10893086195015,25.74225624774981,24.77765262474663,25.683795928955078,3825000,0.0,0
2020-08-04,FOXA,25.635079902600296,26.50225036345384,25.508415556679775,25.9858455657959,5462500,0.0,0
2020-08-05,FOXA,24.709449078963633,25.050469160425305,23.598691850251125,24.09073829650879,7628100,0.0,0
2020-08-06,FOXA,24.2612484860248,24.6704744447085,24.00791795365679,24.348939895629883,5962300,0.0,0
2020-08-07,FOXA,24.23201772174628,24.45611715059198,23.647408980845366,24.037147521972656,7072300,0.0,0
2020-08-10,FOXA,23.97868846075977,24.22227529401927,23.554846032825797,23.77407455444336,9867100,0.0,0
2020-08-11,FOXA,24.144329198001383,24.840987736433416,23.959202671973664,24.027406692504883,7979000,0.0,0
2020-08-12,FOXA,24.30996610417185,24.49509075482899,23.968944174320256,24.28073501586914,4732500,0.0,0
2020-08-13,FOXA,24.20278749742466,24.953035377364074,24.095608697884735,24.914060592651367,6538900,0.0,0
2020-08-14,FOXA,24.933546843480695,25.376874777980834,24.563293839341274,25.07969856262207,3036100,0.0,0
2020-08-17,FOXA,25.225852408420835,25.264827194634925,24.529193901414764,24.90431785583496,3101200,0.0,0
2020-08-18,FOXA,24.914061007002463,25.13816044756751,24.79714036775985,24.977394104003906,2673600,0.0,0
2020-08-19,FOXA,24.943293267013388,25.479183581943424,24.93354957021573,25.186880111694336,3437600,0.0,0
2020-08-20,FOXA,25.050470141306654,25.352519165885607,24.85560178118683,25.225852966308594,4719000,0.0,0
2020-08-21,FOXA,25.157647883100882,25.381747324047655,24.914061049440463,25.333030700683594,3016600,0.0,0
2020-08-24,FOXA,25.410979133583286,26.443786817228542,25.33303141893874,26.287891387939453,3620800,0.0,0
2020-08-25,FOXA,26.25866034381603,26.531476397029298,25.732511912470468,26.209941864013672,4075300,0.0,0
2020-08-26,FOXA,26.102767468605144,26.59481208282131,25.937128337978088,26.45353126525879,4463600,0.0,0
2020-08-27,FOXA,26.697117601669824,27.101472652796954,26.58994065455358,26.862756729125977,3601200,0.0,0
2020-08-28,FOXA,26.891986126947756,27.11608556222082,26.706859617695223,27.101470947265625,3859700,0.0,0
2020-08-31,FOXA,27.28172510848473,27.681207363185365,26.940703172944662,27.14531707763672,5925300,0.0,0
2020-09-01,FOXA,26.329874272539435,27.096192205245586,26.329874272539435,26.958648681640625,4016500,0.23,0
2020-09-02,FOXA,26.997947322434545,27.607072150539484,26.988122516864617,27.39093017578125,3517400,0.0,0
2020-09-03,FOXA,27.57759888666376,28.117951972257814,26.7326843112306,26.870229721069336,6258200,0.0,0
2020-09-04,FOXA,27.390927601920303,27.47934896985082,26.74250548635642,27.174787521362305,4928700,0.0,0
2020-09-08,FOXA,27.04707055044365,27.79373888666682,26.96847398209858,27.20426368713379,4941600,0.0,0
2020-09-09,FOXA,27.263211567839182,27.931283358332966,26.899701255756366,27.705318450927734,4781100,0.0,0
2020-09-10,FOXA,27.774092182037172,28.24076017523913,27.518652839717255,27.69549560546875,4424500,0.0,0
2020-09-11,FOXA,27.823210769794883,28.137597035730877,27.155139017735916,27.6463680267334,4736200,0.0,0
2020-09-14,FOXA,27.793739114468394,28.781108629514094,27.724965476949027,28.15724754333496,5798200,0.0,0
2020-09-15,FOXA,28.226019604426824,28.486372264483137,27.867422637516096,28.108125686645508,3350900,0.0,0
2020-09-16,FOXA,28.353739876659564,29.395144883281368,28.245668891690034,28.825319290161133,5352200,0.0,0
2020-09-17,FOXA,28.196546922816953,28.736898103410542,27.882158771207745,28.12777328491211,4241300,0.0,0
2020-09-18,FOXA,28.147424827274047,28.15724963336322,27.106019742393475,27.469528198242188,6768000,0.0,0
2020-09-21,FOXA,27.04706995515605,27.184613478260182,25.97619056384254,26.310226440429688,4797600,0.0,0
2020-09-22,FOXA,26.37900016744203,26.64426430224155,26.089174955099615,26.300403594970703,4321000,0.0,0
2020-09-23,FOXA,26.12355998611037,26.496893224695995,25.40636605147296,25.455488204956055,3726100,0.0,0
2020-09-24,FOXA,25.51443544108857,25.966367128380746,25.12145258728454,25.740402221679688,2443200,0.0,0
2020-09-25,FOXA,25.524259339715123,26.374085316460068,25.465312382211597,26.231630325317383,3348500,0.0,0
2020-09-28,FOXA,26.614789512578614,27.371282683214922,26.595139901263106,27.351633071899414,3112800,0.0,0
2020-09-29,FOXA,27.223910971549067,27.479350282899595,26.644262460814755,27.282859802246094,3335300,0.0,0
2020-09-30,FOXA,27.499001462139542,28.01970491966649,27.017597227319566,27.341808319091797,4539300,0.0,0
2020-10-01,FOXA,27.46952597597313,27.72496529195633,27.022507641475038,27.528474807739258,3437700,0.0,0
2020-10-02,FOXA,27.19444046005329,27.86251226670219,26.442860614518334,27.58742332458496,4330600,0.0,0
2020-10-05,FOXA,27.734789991041332,28.275143036821532,27.528474702319983,28.206369400024414,2589600,0.0,0
2020-10-06,FOXA,28.275143720623877,28.55023077890501,27.322158200464106,27.43022918701172,3580600,0.0,0
2020-10-07,FOXA,27.70531788067448,28.746722893537953,27.607071700466978,28.461809158325195,4490300,0.0,0
2020-10-08,FOXA,28.736898560087255,29.051284842802552,28.407776005960322,29.041460037231445,2509300,0.0,0
2020-10-09,FOXA,29.247777422854377,29.473742330991698,28.530583475867196,28.67795181274414,3239500,0.0,0
2020-10-12,FOXA,28.92356583770298,29.002162407619696,28.319354355113823,28.432336807250977,3221200,0.0,0
2020-10-13,FOXA,28.38321292702255,28.407775877784527,26.68356092258051,26.75233268737793,7186800,0.0,0
2020-10-14,FOXA,26.781806909666855,26.968474465541394,26.428121408828794,26.457595825195312,3279600,0.0,0
2020-10-15,FOXA,26.320052296598302,26.506717978582802,25.907419836917242,26.457595825195312,6332700,0.0,0
2020-10-16,FOXA,26.634438981349724,26.752332900831657,26.08426111080049,26.388824462890625,3428300,0.0,0
2020-10-19,FOXA,26.61478837850627,26.63443798898449,25.51443455229565,25.56355857849121,3741400,0.0,0
2020-10-20,FOXA,25.936893547786692,25.936893547786692,25.41619195241882,25.593032836914062,3402700,0.0,0
2020-10-21,FOXA,25.445663468696793,26.23163104379452,25.327769550460662,26.103910446166992,2572500,0.0,0
2020-10-22,FOXA,26.3691752222946,27.115843593771373,26.2512794272656,26.97829818725586,3572100,0.0,0
2020-10-23,FOXA,27.13549153678727,27.17970222296852,26.251277813162325,26.604963302612305,3463800,0.0,0
2020-10-26,FOXA,26.34952394921595,26.369173559463366,25.632330040194958,25.94671630859375,4847100,0.0,0
2020-10-27,FOXA,25.88776870107716,25.89759350595393,25.58811871095036,25.725662231445312,3079300,0.0,0
2020-10-28,FOXA,25.327769053291483,25.573383564333874,24.767766394047232,24.866012573242188,3730100,0.0,0
2020-10-29,FOXA,24.497591237653207,25.357242041425,24.497591237653207,25.12145233154297,2419900,0.0,0
2020-10-30,FOXA,25.111627863389767,26.05478858947754,25.062505709213244,26.05478858947754,5642200,0.0,0
2020-11-02,FOXA,26.192330952450707,26.97829662757174,25.82882253041597,26.919349670410156,7284200,0.0,0
2020-11-03,FOXA,28.30461753087612,28.766374040339898,25.897596293664375,26.5656681060791,8345200,0.0,0
2020-11-04,FOXA,26.457593523443347,26.624611453876682,24.54179972576037,25.180397033691406,15753100,0.0,0
2020-11-05,FOXA,25.61268307658454,26.19724686156516,24.99373528095289,26.143211364746094,6588700,0.0,0
2020-11-06,FOXA,25.966366631731635,26.148120846785265,25.195137210301603,25.494787216186523,7824100,0.0,0
2020-11-09,FOXA,26.496893207061138,27.125667639788507,25.51443514693279,25.78952407836914,8566600,0.0,0
2020-11-10,FOXA,25.553734776497457,26.659000111775597,25.426014177264655,26.378999710083008,4604600,0.0,0
2020-11-11,FOXA,26.477246211580347,27.115843593771373,26.10882442871359,26.97829818725586,6876700,0.0,0
2020-11-12,FOXA,26.644265043186067,26.74742269606898,24.88566410863667,25.19022560119629,14392500,0.0,0
2020-11-13,FOXA,25.494787146203887,26.290577641988083,25.157803630304905,26.167770385742188,6481200,0.0,0
2020-11-16,FOXA,26.35935012898614,27.14531584097142,26.231631403497307,26.703210830688477,8104900,0.0,0
2020-11-17,FOXA,26.59513814686701,27.72005302295669,26.19724385037124,27.666017532348633,5242800,0.0,0
2020-11-18,FOXA,27.607069556368184,27.695490924298706,27.15513791206888,27.174787521362305,4151400,0.0,0
2020-11-19,FOXA,27.1256688813515,27.484265864844808,26.899702093022878,27.223913192749023,4010200,0.0,0
2020-11-20,FOXA,27.24356213621444,27.44791359695452,27.05689645002654,27.341808319091797,2846600,0.0,0
2020-11-23,FOXA,27.508824244947682,28.255492556463054,27.263209742760647,28.02952766418457,3551300,0.0,0
2020-11-24,FOXA,28.343916152524017,29.22812805504137,28.10812643677873,28.96286392211914,4009900,0.0,0
2020-11-25,FOXA,28.933392403492967,28.933392403492967,28.36356676845593,28.786022186279297,2204100,0.0,0
2020-11-27,FOXA,28.560056176927887,28.903916880803344,28.560056176927887,28.64847755432129,1551700,0.0,0
2020-11-30,FOXA,28.55023128959481,28.697599626865745,28.206370586702565,28.334091186523438,4109500,0.0,0
2020-12-01,FOXA,28.609180338042805,30.04356824660288,28.46181012577724,29.611286163330078,8829700,0.0,0
2020-12-02,FOXA,29.689880165353568,30.11725074570521,29.247775188496945,30.063215255737305,10815600,0.0,0
2020-12-03,FOXA,30.141813398275062,30.466024481158097,29.704619864042336,29.788127899169922,4730800,0.0,0
2020-12-04,FOXA,29.93549512034788,29.98461914555968,29.218301217265182,29.316547393798828,5831400,0.0,0
2020-12-07,FOXA,29.100408205385218,29.50321585514175,28.98349433348485,29.15935516357422,5121500,0.0,0
2020-12-08,FOXA,29.061109465406286,29.267426633320525,28.594441510111988,28.741809844970703,4432800,0.0,0
2020-12-09,FOXA,28.81549313220223,29.159353807781624,28.540404216960734,28.72707176208496,7025400,0.0,0
2020-12-10,FOXA,28.569879374847392,28.71724770424651,28.373387019721918,28.599353790283203,3678500,0.0,0
2020-12-11,FOXA,28.40286401381789,28.854795722080798,28.009881141778497,28.80567169189453,3492100,0.0,0
2020-12-14,FOXA,29.218301475397286,29.247775890784762,28.25549305941942,28.275142669677734,4596300,0.0,0
2020-12-15,FOXA,28.373388098224144,28.43233693133648,27.494089554034023,28.078651428222656,4705500,0.0,0
2020-12-16,FOXA,28.137599144629668,28.373388861753984,27.852687272479905,27.9509334564209,3169500,0.0,0
2020-12-17,FOXA,28.068826867263727,28.196547466229887,27.361457728762925,28.03935432434082,3799700,0.0,0
2020-12-18,FOXA,28.03935262715523,28.314439671865404,27.43022783378708,27.666017532348633,6017900,0.0,0
2020-12-21,FOXA,27.292686780948344,27.440055121647358,26.83584361305831,27.23373794555664,2718900,0.0,0
2020-12-22,FOXA,27.02742140772509,27.233736700493434,26.64426336464672,26.7916316986084,3069200,0.0,0
2020-12-23,FOXA,26.870229207754807,27.72496669895002,26.81128224688723,27.616897583007812,3292700,0.0,0
2020-12-24,FOXA,27.557949488653666,28.029530809934624,27.557949488653666,27.81338882446289,1363500,0.0,0
2020-12-28,FOXA,27.960754387043558,28.800757419420826,27.803561253545,28.628826141357422,3661300,0.0,0
2020-12-29,FOXA,28.677950865008302,28.781108510024048,28.334090174399137,28.51093292236328,1569900,0.0,0
2020-12-30,FOXA,28.628828347311206,29.031636017175288,28.530584036722,28.5797061920166,1951600,0.0,0
2020-12-31,FOXA,28.619001474328144,28.85970451522201,28.48145795032592,28.60917854309082,2676300,0.0,0
2021-01-04,FOXA,28.72707226901377,29.188826863637868,27.960754339104668,28.304615020751953,4234200,0.0,0
2021-01-05,FOXA,28.324264871286257,29.08566946818143,28.255493109151075,28.928476333618164,3063100,0.0,0
2021-01-06,FOXA,29.571987749928894,31.61550042382093,29.336198042236354,31.4484806060791,7887600,0.0,0
2021-01-07,FOXA,31.428833254538358,31.428833254538358,30.37760342547788,30.397253036499023,5905200,0.0,0
2021-01-08,FOXA,30.28918111974064,30.495498281347544,29.208476907331573,29.562162399291992,5907900,0.0,0
2021-01-11,FOXA,29.444265268787287,30.053390046748973,29.267424404756383,29.797950744628906,5215900,0.0,0
2021-01-12,FOXA,29.886375325835694,30.033743665312503,29.179006172012933,29.247777938842773,4787200,0.0,0
2021-01-13,FOXA,29.070932204242876,29.50321424646858,28.81549290083177,29.43444061279297,6524000,0.0,0
2021-01-14,FOXA,29.650584715826664,30.908129840343708,29.144619411752387,30.721464157104492,10724900,0.0,0
2021-01-15,FOXA,30.58391939355967,31.183219425681962,30.19093653392623,30.937604904174805,9718500,0.0,0
2021-01-19,FOXA,31.10462370295461,31.10462370295461,29.326375043383358,29.48356819152832,5599900,0.0,0
2021-01-20,FOXA,29.50321590726927,30.72146366403781,29.50321590726927,30.475849151611328,8677200,0.0,0
2021-01-21,FOXA,30.19093531366669,30.770585710906435,30.09268913425673,30.495498657226562,4676500,0.0,0
2021-01-22,FOXA,30.308832271718455,30.31865707742706,29.316549381830256,29.630935668945312,6472900,0.0,0
2021-01-25,FOXA,29.670235329067403,31.654801138092846,29.56707580455169,31.527080535888672,9136900,0.0,0
2021-01-26,FOXA,31.625323976872224,34.56287526009735,31.625323976872224,34.3172607421875,15512300,0.0,0
2021-01-27,FOXA,34.72007162610692,40.01552052438777,33.53129814848887,33.776912689208984,23919900,0.0,0
2021-01-28,FOXA,33.77690958399834,34.52357607012084,31.261815569043364,31.340412139892578,8424100,0.0,0
2021-01-29,FOXA,31.232341374040963,32.11655134390451,30.41689941801644,30.633041381835938,5336800,0.0,0
2021-02-01,FOXA,30.70181487098982,31.497607261646724,30.387428586533296,31.320762634277344,3775700,0.0,0
2021-02-02,FOXA,31.389536457391483,31.497607446014772,29.763567657705995,29.974796295166016,4280100,0.0,0
2021-02-03,FOXA,30.053392269852942,30.20567394408039,29.684970496561732,29.748830795288086,3568200,0.0,0
2021-02-04,FOXA,29.788127341552926,30.37760253773017,29.50321548563275,29.88637351989746,4102400,0.0,0
2021-02-05,FOXA,29.856899180597313,31.163568296419008,29.562162518699786,30.868831634521484,4650800,0.0,0
2021-02-08,FOXA,31.104623606446665,32.19515270797266,30.878658690925644,32.116554260253906,7330600,0.0,0
2021-02-09,FOXA,32.17452094073874,32.32287307365852,29.99444654605644,30.190937042236328,6589200,0.0,0
2021-02-10,FOXA,30.36777769895369,31.42883230134439,29.945320444261935,31.222517013549805,7360200,0.0,0
2021-02-11,FOXA,31.026025302556373,31.654799732013995,30.80988520505252,31.438657760620117,4041000,0.0,0
2021-02-12,FOXA,31.379709399730398,32.24918496443475,31.34041017981859,32.018306732177734,3323400,0.0,0
2021-02-16,FOXA,31.96918561341119,32.15585129234958,31.016200112568864,31.17339324951172,5015100,0.0,0
2021-02-17,FOXA,31.291288933858105,31.54672824900311,30.948410163603274,31.193042755126953,2763900,0.0,0
2021-02-18,FOXA,31.242164407454826,31.84146440162089,31.11444568887171,31.610586166381836,4618300,0.0,0
2021-02-19,FOXA,31.77269310945689,33.39375037181102,31.61549997323552,33.18743133544922,4866200,0.0,0
2021-02-22,FOXA,33.16778043487492,34.710242943013654,33.10883535344709,34.08146667480469,6842500,0.0,0
2021-02-23,FOXA,34.179717988003446,34.75936841334542,33.05971636054476,33.52146911621094,4107100,0.0,0
2021-02-24,FOXA,33.24637874493268,33.629536763847554,32.82490342501439,33.44287109375,3447200,0.0,0
2021-02-25,FOXA,33.69831038102371,34.061818810313355,32.283572137570445,32.46041488647461,3654900,0.0,0
2021-02-26,FOXA,32.568484359372064,33.25620196453225,32.22462180901211,32.725677490234375,5149000,0.0,0
2021-03-01,FOXA,33.462527792760724,34.3860371557425,32.946735736312334,34.17972183227539,5913900,0.0,0
2021-03-02,FOXA,34.04217544427799,38.129201084031706,33.91445483897247,37.28428649902344,12604000,0.0,0
2021-03-03,FOXA,37.490597852595855,39.83867191820242,36.85199864117703,38.64007568359375,13437000,0.0,0
2021-03-04,FOXA,38.964286221138714,39.62253506530969,37.294106781951214,38.4042854309082,6178600,0.0,0
2021-03-05,FOXA,38.92498604495319,40.713059357237896,38.423934099374925,40.56569290161133,6794700,0.0,0
2021-03-08,FOXA,40.16288698263556,41.877275266758446,39.43586636123926,41.58745193481445,5776600,0.0,0
2021-03-09,FOXA,41.63684296348698,41.76032114099642,39.55253072420675,39.82912063598633,5377700,0.23,0
2021-03-10,FOXA,40.105707933476005,41.09353328916019,39.45374334945463,40.955238342285156,2707800,0.0,0
2021-03-11,FOXA,40.69840818026331,41.873919077033,40.362547385721264,41.33555603027344,2913500,0.0,0
2021-03-12,FOXA,41.23183495272513,42.4863699280901,41.22195458823913,42.25917053222656,3818800,0.0,0
2021-03-15,FOXA,42.47649212952925,43.18772762219082,41.775137001074,42.180145263671875,3770900,0.0,0
2021-03-16,FOXA,42.58515135512758,44.25457483667304,42.50612351852548,43.64212417602539,5094500,0.0,0
2021-03-17,FOXA,43.029676179390975,43.5630990364613,40.97499751958492,42.397464752197266,4359000,0.0,0
2021-03-18,FOXA,41.972700833842175,43.128454686075415,41.95294387462606,42.35795211791992,3689600,0.0,0
2021-03-19,FOXA,42.47649244423321,42.78271967656571,42.051727218330484,42.40240478515625,6423400,0.0,0
2021-03-22,FOXA,42.348073496393006,43.17784697633392,41.92330827640808,43.11857986450195,3800900,0.0,0
2021-03-23,FOXA,42.81235516190195,42.91113619961879,41.133051142930405,41.30098342895508,3568400,0.0,0
2021-03-24,FOXA,41.29110458343576,41.58745147574467,39.592047309012216,39.63155746459961,4052000,0.0,0
2021-03-25,FOXA,39.700702917962225,40.47120932048849,39.10306898134732,39.809364318847656,4816800,0.0,0
2021-03-26,FOXA,39.503137930626714,39.94765632944299,34.89987188905155,37.33979797363281,12757700,0.0,0
2021-03-29,FOXA,37.29040684571665,37.734929005475465,36.32233845793893,36.776737213134766,4725800,0.0,0
2021-03-30,FOXA,36.954550006935726,37.45833932940096,36.05562899638616,36.658203125,3789300,0.0,0
2021-03-31,FOXA,36.717468337085656,36.9545480912976,35.57159102294677,35.67037582397461,6338300,0.0,0
2021-04-01,FOXA,36.00623776768553,36.282827682939406,35.32463580758852,35.867942810058594,3410600,0.0,0
2021-04-05,FOXA,36.179107365069235,36.253195028000256,34.97889928400295,35.95684814453125,4097400,0.0,0
2021-04-06,FOXA,35.75928027521277,37.063209503267885,35.670375838379236,36.59893035888672,3798900,0.0,0
2021-04-07,FOXA,36.915033407522984,37.5373644522372,36.37173020199682,36.85576629638672,3164900,0.0,0
2021-04-08,FOXA,36.75698007615692,36.875521830355474,35.95684396071719,36.549537658691406,3289900,0.0,0
2021-04-09,FOXA,36.5594146056949,37.13235511840098,36.184043685219876,37.003936767578125,2357200,0.0,0
2021-04-12,FOXA,37.300288764610094,37.8633527595009,36.80637602066621,36.96442794799805,2782400,0.0,0
2021-04-13,FOXA,37.08296430609326,37.62626749146582,36.89231323096623,37.013816833496094,2546100,0.0,0
2021-04-14,FOXA,36.727346699440375,37.49291285059469,36.61868530835993,36.776737213134766,3000000,0.0,0
2021-04-15,FOXA,37.349679385434946,38.041154144441364,37.15705373567533,37.423763275146484,3808400,0.0,0
2021-04-16,FOXA,37.66578510433844,38.090550345247244,37.31016734280967,37.483036041259766,3322700,0.0,0
2021-04-19,FOXA,37.32992528975231,37.85347158124454,37.06321196156143,37.22126388549805,3580200,0.0,0
2021-04-20,FOXA,37.30028405472546,37.80407710015748,36.957508533126294,37.33979797363281,4073600,0.0,0
2021-04-21,FOXA,37.132359733119166,38.32762765275205,36.97430780794668,38.13994216918945,4948200,0.0,0
2021-04-22,FOXA,38.060911122265665,38.396771906049494,37.448460434749805,37.65590286254883,3604700,0.0,0
2021-04-23,FOXA,37.991765701693254,38.22884546647163,37.67566186082542,37.94237518310547,1831200,0.0,0
2021-04-26,FOXA,38.06090852853678,38.090545850670395,37.25089206430314,37.734928131103516,2495000,0.0,0
2021-04-27,FOXA,37.596634383878865,38.11030402088812,37.40894515466596,37.8139533996582,4268000,0.0,0
2021-04-28,FOXA,37.468219507563596,37.81395690672444,37.12248210840276,37.35955810546875,2630800,0.0,0
2021-04-29,FOXA,37.566998348453964,37.794197735797646,37.048392280035166,37.31016540527344,2539000,0.0,0
2021-04-30,FOXA,37.329926091660255,37.36944001555701,36.76686586502464,36.96442794799805,3920900,0.0,0
2021-05-03,FOXA,37.399069285392486,37.399069285392486,36.154407203169974,36.16428756713867,4174800,0.0,0
2021-05-04,FOXA,36.46063403902721,36.677956824975645,35.79879285382747,36.29270553588867,4091400,0.0,0
2021-05-05,FOXA,36.51002607457701,36.54953999516918,35.78397379877922,35.89757537841797,2994400,0.0,0
2021-05-06,FOXA,36.134657138626636,37.942375771087285,36.119836591391106,37.11260223388672,3942700,0.0,0
2021-05-07,FOXA,37.033576708319075,37.972007844095835,36.89527798398146,37.85346984863281,2264300,0.0,0
2021-05-10,FOXA,37.85346859917987,38.97958893954537,37.646026171903024,38.357261657714844,3063900,0.0,0
2021-05-11,FOXA,38.120184810604954,38.564707023103956,37.55218441509262,38.03622055053711,2442400,0.0,0
2021-05-12,FOXA,37.833713968948054,38.27823617495336,37.42870568531101,37.47315979003906,2517300,0.0,0
2021-05-13,FOXA,37.46821642049547,38.683241168052156,37.38918858248135,38.26835632324219,2193500,0.0,0
2021-05-14,FOXA,37.93249774353884,38.189330695439516,36.68783560056455,36.806373596191406,4678000,0.0,0
2021-05-17,FOXA,37.29040648259914,37.754685596965686,36.272947591034594,36.32233810424805,4072300,0.0,0
2021-05-18,FOXA,36.58905545383939,37.26077705912354,36.450760494208254,36.89527893066406,3562000,0.0,0
2021-05-19,FOXA,36.470513687079816,37.15211565705478,36.35197568857527,36.89527893066406,3162900,0.0,0
2021-05-20,FOXA,36.8360074478414,37.310163153893306,36.71746569513749,36.79649353027344,2760600,0.0,0
2021-05-21,FOXA,36.826131649561674,37.39117018971718,36.7075936504175,37.12248229980469,3404800,0.0,0
2021-05-24,FOXA,37.07308488435957,37.43858298395047,36.87552282520795,36.98418045043945,1937400,0.0,0
2021-05-25,FOXA,37.250895581271344,37.468218378914656,36.50014992217023,36.697715759277344,2785500,0.0,0
2021-05-26,FOXA,36.717468677673104,37.59663645782904,36.61868764398384,37.05332946777344,2043900,0.0,0
2021-05-27,FOXA,37.260772884403735,37.91273745551478,37.20150200766469,37.487972259521484,4180400,0.0,0
2021-05-28,FOXA,37.47809609500604,37.58675749707481,36.638445972528366,36.89527893066406,2292900,0.0,0
2021-06-01,FOXA,37.17186976921693,37.28053116295756,36.707590638963254,36.86564254760742,2133700,0.0,0
2021-06-02,FOXA,36.934792286391996,37.04345368679405,35.961783633298076,36.332218170166016,4411500,0.0,0
2021-06-03,FOXA,36.42112400039804,36.668080367739435,35.601230820317255,36.17416763305664,2659700,0.0,0
2021-06-04,FOXA,36.18404477693897,36.81625241813422,36.05562642224156,36.73722457885742,2259400,0.0,0
2021-06-07,FOXA,36.82613035038028,37.13235758630905,36.490269557774674,36.697715759277344,1497500,0.0,0
2021-06-08,FOXA,36.69771482618341,36.79155567602568,35.922272044065096,36.14453125,2360900,0.0,0
2021-06-09,FOXA,36.85576701416111,37.60651265979469,36.41124483070807,37.18174743652344,3592100,0.0,0
2021-06-10,FOXA,37.29040672388475,37.408944710014936,36.85576492923763,37.013816833496094,2338400,0.0,0
2021-06-11,FOXA,37.122482355616825,37.497853314846914,37.01382095279836,37.46821975708008,2090000,0.0,0
2021-06-14,FOXA,37.51761077184733,37.646029137625554,36.885403076100836,37.22126388549805,2091900,0.0,0
2021-06-15,FOXA,37.50772933759067,37.67565783650286,36.905155277720574,37.250892639160156,2640300,0.0,0
2021-06-16,FOXA,37.19163062615252,37.39907307143818,36.796498929008756,37.21138381958008,1983300,0.0,0
2021-06-17,FOXA,37.21138166019894,37.52748926052327,36.460636001097825,36.697715759277344,3120900,0.0,0
2021-06-18,FOXA,36.92491483312235,37.532425349263356,36.55941671875186,37.171871185302734,5734600,0.0,0
2021-06-21,FOXA,37.300286514911065,37.566999832745054,36.95454912230494,37.03357696533203,2296700,0.0,0
2021-06-22,FOXA,37.073089544840066,37.32004591807936,36.37173434922175,37.19163131713867,2636800,0.0,0
2021-06-23,FOXA,37.171872127672415,37.50773292588257,36.994063248134395,37.142234802246094,2254600,0.0,0
2021-06-24,FOXA,37.27065333314951,37.922617971667236,37.15211533567037,37.83371353149414,2110200,0.0,0
2021-06-25,FOXA,37.912739442858815,38.386895176862055,37.58675525608825,37.892982482910156,3944000,0.0,0
2021-06-28,FOXA,38.189330990770365,38.33750631264103,37.596637239797644,37.84359359741211,2362900,0.0,0
2021-06-29,FOXA,37.08296599187578,37.38918945065417,36.37173050625278,36.38161087036133,3086300,0.0,0
2021-06-30,FOXA,36.54954108052812,36.717469595649234,36.09514228498924,36.67795944213867,2282800,0.0,0
2021-07-01,FOXA,36.67795725303957,37.41882628477795,36.4902680199828,37.09284210205078,2442500,0.0,0
2021-07-02,FOXA,37.10272229470104,37.16692958725016,36.618686204834994,36.86564254760742,2014200,0.0,0
2021-07-06,FOXA,36.8458856306838,36.8458856306838,35.31475705737178,36.2828254699707,2666100,0.0,0
2021-07-07,FOXA,36.13465702826367,36.569298872801205,35.601230377066415,35.95684814453125,2600000,0.0,0
2021-07-08,FOXA,35.85806317960525,35.917334063339474,34.88999468814321,35.2653694152832,2429700,0.0,0
2021-07-09,FOXA,35.31475474636764,36.1050142387893,35.25548387134058,36.00623321533203,1730400,0.0,0
2021-07-12,FOXA,35.8778187407002,36.381611812142715,35.354272477038876,36.35197448730469,1860300,0.0,0
2021-07-13,FOXA,36.51002732225574,36.51002732225574,35.46787118261617,35.512325286865234,2341100,0.0,0
2021-07-14,FOXA,35.69013230860238,36.09514056678255,35.54195699316252,35.91733169555664,1936700,0.0,0
2021-07-15,FOXA,35.79879531537424,36.04575167338571,35.32957597419947,35.403663635253906,1886100,0.0,0
2021-07-16,FOXA,35.31475827274654,35.56665480644672,34.79121201328584,34.85047912597656,2976800,0.0,0
2021-07-19,FOXA,34.554131372403674,34.7516972022387,34.08985223752958,34.297298431396484,3999300,0.0,0
2021-07-20,FOXA,34.47510682872258,34.67760906954219,34.040461255394135,34.544254302978516,2713600,0.0,0
2021-07-21,FOXA,34.6232807009219,35.92720997207309,34.61340410461613,35.7494010925293,4462900,0.0,0
2021-07-22,FOXA,35.7592800047496,35.8481844409107,34.93938311923557,35.56171417236328,2553000,0.0,0
2021-07-23,FOXA,35.69013397818468,35.80373179284851,35.29006211508365,35.7494010925293,1681800,0.0,0
2021-07-26,FOXA,35.67037648936051,36.39148859316828,35.67037648936051,36.114898681640625,2235600,0.0,0
2021-07-27,FOXA,35.838305232998444,36.085261589385155,35.55183872346361,35.759281158447266,1540100,0.0,0
2021-07-28,FOXA,35.828428543781136,36.213679855823685,35.11719303339186,35.8778190612793,1843800,0.0,0
2021-07-29,FOXA,35.92721022352996,36.48039382689965,35.74446492868172,35.858062744140625,2860500,0.0,0
2021-07-30,FOXA,35.561717597938824,35.94696893566233,35.10731877745752,35.22585678100586,2496100,0.0,0
2021-08-02,FOXA,35.33451500626702,35.51232387970766,35.06780169610605,35.20609664916992,2300800,0.0,0
2021-08-03,FOXA,35.314758762587516,35.34933250155496,33.74411619416462,34.60352325439453,2652500,0.0,0
2021-08-04,FOXA,34.376323952157826,34.87023666344818,34.154064739379145,34.4849853515625,2954600,0.0,0
2021-08-05,FOXA,35.561713109744154,36.93478976300519,35.08755738713813,36.756980895996094,4856900,0.0,0
2021-08-06,FOXA,36.83600951693872,37.082965863228324,35.917331607281,36.03586959838867,3837700,0.0,0
2021-08-09,FOXA,35.87781670527788,36.144530004159506,35.60122681084717,36.06550216674805,2084700,0.0,0
2021-08-10,FOXA,36.07538258057091,36.56435507840451,35.70000788885542,36.529781341552734,2042200,0.0,0
2021-08-11,FOXA,36.81131082927966,37.053326983369736,36.312457975610435,37.013816833496094,1817700,0.0,0
2021-08-12,FOXA,37.16199118940177,37.16199118940177,36.263070209283825,36.57917404174805,1552700,0.0,0
2021-08-13,FOXA,36.9743028572663,36.9743028572663,36.51990410426909,36.549537658691406,1651900,0.0,0
2021-08-16,FOXA,36.371730242839185,36.88539989337402,36.06550301802377,36.73722457885742,1734400,0.0,0
2021-08-17,FOXA,36.39148639414563,36.73722376266339,36.09513953995117,36.529781341552734,1416000,0.0,0
2021-08-18,FOXA,36.56929747008033,37.18174817485797,36.075384760492405,36.114898681640625,2351400,0.0,0
2021-08-19,FOXA,35.92721031897037,36.20380400551749,35.51232544153222,35.739524841308594,1675800,0.0,0
2021-08-20,FOXA,35.670373824782445,36.460633347439725,35.50244155657454,36.31245803833008,1255400,0.0,0
2021-08-23,FOXA,36.39148881941521,36.732289796991225,36.302584380406465,36.687835693359375,1811500,0.0,0
2021-08-24,FOXA,36.82612910224235,36.98912119495059,36.46557494737784,36.61868667602539,1520100,0.0,0
2021-08-25,FOXA,36.796496539480565,37.01381933562242,36.243312953053525,36.589054107666016,2319000,0.0,0
2021-08-26,FOXA,36.589054337390294,36.72734929280162,36.15440874237767,36.233436584472656,3067500,0.0,0
2021-08-27,FOXA,36.203801443046814,36.910096735770395,36.15440715977215,36.74710464477539,1749800,0.0,0
2021-08-30,FOXA,36.7471050310308,36.796495546569865,36.3025828546696,36.61868667602539,1248800,0.0,0
2021-08-31,FOXA,36.63857038712004,37.37929865576333,36.49937424860757,37.22518539428711,2872200,0.24,0
2021-09-01,FOXA,37.31467000269835,37.37432711745685,36.698228321435415,36.78771209716797,2043900,0.0,0
2021-09-02,FOXA,36.946796561551636,37.22518886452913,36.71811662799003,36.95673751831055,2296200,0.0,0
2021-09-03,FOXA,36.85731228832333,36.91696940651381,36.330354352477904,36.6783447265625,1529600,0.0,0
2021-09-07,FOXA,36.618689242905624,36.96667959647994,36.44966264773353,36.539146423339844,1427700,0.0,0
2021-09-08,FOXA,36.50931896632063,36.8871359725886,35.708937377741655,35.75367736816406,2303500,0.0,0
2021-09-09,FOXA,36.11658722408778,36.225956709429084,35.51505884752118,36.15138626098633,2590300,0.0,0
2021-09-10,FOXA,36.220985490956934,36.30052452377368,35.56974472557775,35.733795166015625,2617200,0.0,0
2021-09-13,FOXA,36.032075508946654,36.32538113273624,35.713908012142774,36.131500244140625,3090700,0.0,0
2021-09-14,FOXA,36.46954882805011,36.56897356099307,34.97815507704308,35.09746551513672,2791000,0.0,0
2021-09-15,FOXA,35.137237321845724,36.52920635561357,34.918498355530936,36.35023880004883,3039100,0.0,0
2021-09-16,FOXA,36.28064116657602,37.27490369049324,36.16132693288237,37.115821838378906,2690900,0.0,0
2021-09-17,FOXA,37.0064505953663,37.88139884401268,37.0064505953663,37.49363708496094,5179200,0.0,0
2021-09-20,FOXA,37.07605115455181,37.18542064117813,36.38006661559296,36.916969299316406,2334100,0.0,0
2021-09-21,FOXA,37.155590185764204,37.647752875582675,36.70817128266133,36.916969299316406,2017500,0.0,0
2021-09-22,FOXA,37.18541825159546,38.408360646281736,37.16553254686758,37.99076843261719,3174900,0.0,0
2021-09-23,FOXA,37.78197743112992,38.7563542886902,37.78197743112992,38.19956588745117,1965100,0.0,0
2021-09-24,FOXA,38.2791064280178,39.58159167448679,38.050426507091565,39.03474426269531,3057900,0.0,0
2021-09-27,FOXA,38.92538037447787,40.148322856621434,38.78618043142806,39.88981246948242,3695600,0.0,0
2021-09-28,FOXA,39.77050138700585,40.19803458034101,39.462278635844754,39.601478576660156,3303200,0.0,0
2021-09-29,FOXA,39.62135933750448,40.08866392891212,39.34296704959038,40.019065856933594,2021000,0.0,0
2021-09-30,FOXA,40.69516635355174,40.87413391544282,39.8798713684082,39.8798713684082,4603300,0.0,0
2021-10-01,FOXA,40.04889306287012,40.84430611254196,39.86992550597501,40.546024322509766,2339200,0.0,0
2021-10-04,FOXA,40.54602369789266,41.440861468583115,40.36705614375457,41.242008209228516,4179900,0.0,0
2021-10-05,FOXA,41.42097464087823,41.98770394935394,41.222121386912455,41.65959930419922,2897700,0.0,0
2021-10-06,FOXA,41.222123581431966,41.540287287590964,40.81447609586509,41.311607360839844,3730000,0.0,0
2021-10-07,FOXA,41.60988320028508,42.28101340739481,41.43091565076387,41.908164978027344,2787800,0.0,0
2021-10-08,FOXA,42.067248363854475,43.07642420946094,41.947934131262706,42.007591247558594,2283000,0.0,0
2021-10-11,FOXA,42.11696223026894,42.38541357394075,41.242010124169376,41.85845184326172,1967700,0.0,0
2021-10-12,FOXA,40.398874424700765,42.24621587426061,40.15925603623674,41.75902557373047,2279900,0.0,0
2021-10-13,FOXA,41.8584518793436,42.35558315483609,41.7888538041995,42.107017517089844,2857500,0.0,0
2021-10-14,FOXA,42.33569897331114,42.57431984878922,41.98770482342416,42.206443786621094,2278900,0.0,0
2021-10-15,FOXA,42.4450669956857,42.48483840805545,41.30166733613521,41.37126541137695,4494600,0.0,0
2021-10-18,FOXA,41.39114843430373,41.82862256357898,41.152523768365164,41.68942642211914,2064300,0.0,0
2021-10-19,FOXA,41.91810804916884,42.78311538696288,41.7391404906169,42.78311538696289,2541900,0.0,0
2021-10-20,FOXA,42.77317339873641,43.3299617666683,42.474895405948445,42.96208190917969,1828800,0.0,0
2021-10-21,FOXA,42.793061309080066,43.22059451147068,42.18656054323242,42.36552810668945,2926100,0.0,0
2021-10-22,FOXA,42.27604293823242,42.4450657466139,41.91810782305926,42.27604293823242,1903100,0.0,0
2021-10-25,FOXA,42.35558278722566,42.4351256111632,41.48063448077634,41.590003967285156,2594900,0.0,0
2021-10-26,FOXA,41.778912592267524,41.83856971037396,41.207210870381985,41.35137939453125,2559200,0.0,0
2021-10-27,FOXA,41.45080170331288,41.51045881792403,39.949467017297586,39.96935272216797,3487900,0.0,0
2021-10-28,FOXA,40.05883750430377,40.565909716404235,39.949468021173544,40.52613830566406,2149300,0.0,0
2021-10-29,FOXA,40.46648449767175,40.51619686409629,39.173944006581685,39.511993408203125,2847500,0.0,0
2021-11-01,FOXA,39.81027269118717,40.94373137080702,39.7058755804654,40.82442092895508,3357900,0.0,0
2021-11-02,FOXA,40.93378729637596,41.59994517605404,40.605682627671115,41.36132049560547,3401800,0.0,0
2021-11-03,FOXA,40.98350317169038,41.84851052075271,40.42671478307442,41.34143829345703,3878800,0.0,0
2021-11-04,FOXA,41.540287728607765,41.540287728607765,39.173945613029026,41.092872619628906,4688800,0.0,0
2021-11-05,FOXA,41.29172057586455,42.325754490260096,40.953671172804874,41.242008209228516,3436500,0.0,0
2021-11-08,FOXA,41.3016664055395,41.485602546186584,40.088664905267585,40.32728958129883,2600600,0.0,0
2021-11-09,FOXA,40.377001637589515,40.81447578199121,40.13837696340008,40.307403564453125,1714700,0.0,0
2021-11-10,FOXA,40.41677153718389,41.18235031305186,40.25768969127738,40.456539154052734,2575300,0.0,0
2021-11-11,FOXA,39.621358033514746,41.16246790097482,39.29325338967296,40.913902282714844,3289600,0.0,0
2021-11-12,FOXA,40.913905309527486,41.24200997764247,40.555970185903426,40.86418914794922,2111300,0.0,0
2021-11-15,FOXA,40.92384508527252,41.599943900873015,40.84430605610156,41.0332145690918,2424200,0.0,0
2021-11-16,FOXA,41.01332713909017,41.01332713909017,40.12843414221158,40.188087463378906,2553300,0.0,0
2021-11-17,FOXA,40.019066479501284,40.31734447730813,39.73072943807011,40.058837890625,1809300,0.0,0
2021-11-18,FOXA,40.05883822196663,40.37700192796699,39.29325561914997,39.34296798706055,1793400,0.0,0
2021-11-19,FOXA,39.05462962801421,39.41256473341319,38.50778601379263,38.76629638671875,3459000,0.0,0
2021-11-22,FOXA,38.766296336561595,38.95520484513979,38.33876316042269,38.517730712890625,3229600,0.0,0
2021-11-23,FOXA,38.80606615913631,39.17394603389923,38.51773290182811,38.905494689941406,3448000,0.0,0
2021-11-24,FOXA,38.71658027346939,38.74641072749487,38.13990999738589,38.27910614013672,2677500,0.0,0
2021-11-26,FOXA,37.543351880094335,37.59207053220695,36.83742638624438,37.40415573120117,1850400,0.0,0
2021-11-29,FOXA,37.4737544697734,37.59306870763401,36.588861399432474,36.70817184448242,3655300,0.0,0
2021-11-30,FOXA,36.54908652341994,36.7081683660155,35.43551362525102,35.50511169433594,5053800,0.0,0
2021-12-01,FOXA,36.06190342425451,36.40989380233816,34.2026335032735,34.242401123046875,5228700,0.0,0
2021-12-02,FOXA,34.302056740406684,35.39574398891864,34.21257296241494,35.127296447753906,5518200,0.0,0
2021-12-03,FOXA,35.306259731064124,35.96247282981452,35.206834998118175,35.833221435546875,4957100,0.0,0
2021-12-06,FOXA,36.191156328964645,36.76782660370508,36.03207448150414,36.31046676635742,2825400,0.0,0
2021-12-07,FOXA,36.52423272647555,37.076048705043775,36.12652621825708,36.270694732666016,2485700,0.0,0
2021-12-08,FOXA,36.330352211195255,37.15558810373309,36.23092368673802,36.539146423339844,3473500,0.0,0
2021-12-09,FOXA,36.41983656021832,37.07604966072629,36.151385229172725,36.330352783203125,2382500,0.0,0
2021-12-10,FOXA,36.539147502181386,36.74297313872899,36.09670098551178,36.60874557495117,3253500,0.0,0
2021-12-13,FOXA,36.2110388164287,36.40989207711588,35.594597121827874,36.1016731262207,3183400,0.0,0
2021-12-14,FOXA,35.952530933882805,36.40989076197596,35.59459583613673,35.773563385009766,4631100,0.0,0
2021-12-15,FOXA,35.723851383957566,36.10167219018612,35.04775259083715,36.042015075683594,4728700,0.0,0
2021-12-16,FOXA,36.24086862954347,36.907022679325266,36.03207441628145,36.79765319824219,6426000,0.0,0
2021-12-17,FOXA,37.09593420444449,37.55826640574549,36.37012305485126,36.74794006347656,18794400,0.0,0
2021-12-20,FOXA,36.34029523427602,36.638573238993004,35.59459832607825,36.18121337890625,3551300,0.0,0
2021-12-21,FOXA,36.509322079761766,37.28484565570095,36.19115836692464,36.688289642333984,2531100,0.0,0
2021-12-22,FOXA,36.738000764156716,36.797654087781964,36.23092475647909,36.60874557495117,1550200,0.0,0
2021-12-23,FOXA,36.76782689665234,37.195360076260776,36.69325645038381,37.066104888916016,1805200,0.0,0
2021-12-27,FOXA,37.0064521877862,37.354442552470985,36.489435222532734,37.10587692260742,1741600,0.0,0
2021-12-28,FOXA,37.056163382691885,37.4339841901167,36.89708153632518,37.27490234375,1328200,0.0,0
2021-12-29,FOXA,37.25501808774371,37.34947044866548,36.70320208202117,36.877197265625,1173100,0.0,0
2021-12-30,FOXA,36.94679449823802,37.543350483534994,36.87719642638039,37.31467056274414,1467900,0.0,0
2021-12-31,FOXA,37.394215143140705,37.44392751211951,36.658459186698195,36.688289642333984,1621400,0.0,0
2022-01-03,FOXA,36.86725714784891,37.88140161044109,36.539148686037436,37.424041748046875,2917300,0.0,0
2022-01-04,FOXA,37.662663899422334,38.19459417585215,37.50358205393333,37.75214767456055,4720500,0.0,0
2022-01-05,FOXA,38.010656341190554,38.29899338724682,37.304730850068474,37.39421463012695,2024200,0.0,0
2022-01-06,FOXA,37.642777684599004,38.55749733556429,37.50358154578344,38.20950698852539,2716700,0.0,0
2022-01-07,FOXA,38.34870461762256,38.89554823828204,38.219449429637805,38.79612350463867,4427700,0.0,0
2022-01-10,FOXA,38.985032161187284,39.25845586894275,38.28904764465469,38.80606460571289,2904500,0.0,0
2022-01-11,FOXA,38.9750899730175,39.21470835335987,38.40836066286478,38.726524353027344,1720600,0.0,0
2022-01-12,FOXA,38.84583622791733,39.22365704628795,38.72652578788838,39.0645751953125,1622400,0.0,0
2022-01-13,FOXA,39.22365762715926,40.16820779066858,39.05463102453879,39.8400993347168,2487700,0.0,0
2022-01-14,FOXA,39.671075938407576,40.859219342587586,39.43742364010422,40.78464889526367,4080600,0.0,0
2022-01-18,FOXA,40.80453644174027,41.222124897097956,39.45233875100183,39.671077728271484,4586300,0.0,0
2022-01-19,FOXA,39.72079020949101,40.217921491730415,39.15406085116293,39.43245315551758,3804000,0.0,0
2022-01-20,FOXA,39.46227612280932,40.11848920219355,37.921170050765625,37.970882415771484,4426800,0.0,0
2022-01-21,FOXA,37.7620880942221,38.28904598876821,37.245071155523334,37.473751068115234,4201400,0.0,0
2022-01-24,FOXA,37.78197634107005,38.920407399115874,37.563237369606576,38.86572265625,7853300,0.0,0
2022-01-25,FOXA,38.6270990479789,39.09440366619823,37.83168975629438,38.93532180786133,4510000,0.0,0
2022-01-26,FOXA,38.97509118714192,39.29325488721569,37.38426889396258,37.821746826171875,3416300,0.0,0
2022-01-27,FOXA,37.84163195750862,38.7314973464327,37.80186054740007,38.030540466308594,3281500,0.0,0
2022-01-28,FOXA,37.83168899828088,39.88484357674093,37.742205217708644,39.86992645263672,4206500,0.0,0
2022-01-31,FOXA,39.75061624829552,40.44660079105982,39.22365831109899,40.37700271606445,3644600,0.0,0
2022-02-01,FOXA,40.54602471696701,40.70510656988692,39.994208709973755,40.0787239074707,2528400,0.0,0
2022-02-02,FOXA,39.77049909786674,40.50625500001383,39.24354119851932,40.43665313720703,2970500,0.0,0
2022-02-03,FOXA,40.34220054702825,40.89401652223616,39.99917878059891,40.66533660888672,2345600,0.0,0
2022-02-04,FOXA,40.66533715846347,40.85424566522421,40.04889168686664,40.456539154052734,1811700,0.0,0
2022-02-07,FOXA,40.71505213438936,41.01333014048531,40.1880904043822,40.37700271606445,3219600,0.0,0
2022-02-08,FOXA,40.58579635620117,40.93080557705397,40.2278612369197,40.58579635620117,2435600,0.0,0
2022-02-09,FOXA,41.16247133229804,43.64812772210322,40.943732356295776,43.598411560058594,8034900,0.0,0
2022-02-10,FOXA,43.21064829224567,44.69210111873888,42.4848371063834,43.74755096435547,6921800,0.0,0
2022-02-11,FOXA,43.69783695511567,44.2695386423016,42.97202579652176,43.15099334716797,4354100,0.0,0
2022-02-14,FOXA,43.16093443753577,43.4592124252712,42.21638431569828,42.42517852783203,3212800,0.0,0
2022-02-15,FOXA,42.653862052504294,43.45921223661283,42.58426398209517,42.902427673339844,2705800,0.0,0
2022-02-16,FOXA,42.46495137230435,42.95214167655338,41.94793440611719,42.76322937011719,3140200,0.0,0
2022-02-17,FOXA,42.2660965892665,43.310075233277416,42.236269928401185,42.66380310058594,4162300,0.0,0
2022-02-18,FOXA,42.524606392329034,43.021737628443034,41.67451243371133,42.136844635009766,3567200,0.0,0
2022-02-22,FOXA,41.97776558398883,42.35558261774858,41.48063431480018,41.58005905151367,3537300,0.0,0
2022-02-23,FOXA,41.759024919832704,41.80873728617518,40.65539294010174,40.73493576049805,2781100,0.0,0
2022-02-24,FOXA,40.3074048206427,40.77470564157767,39.65119168718386,40.6355094909668,4052800,0.0,0
2022-02-25,FOXA,40.8542470997035,41.838568663368825,40.287517766711815,41.53034591674805,2905300,0.0,0
2022-02-28,FOXA,40.874133723089706,41.83856960287406,40.74487853059651,41.590003967285156,3527700,0.0,0
2022-03-01,FOXA,41.41999816894531,41.810001373291016,40.810001373291016,41.2599983215332,3500100,0.24,0
2022-03-02,FOXA,41.380001068115234,43.4900016784668,41.380001068115234,43.09000015258789,3785700,0.0,0
2022-03-03,FOXA,43.060001373291016,43.56999969482422,42.68199920654297,43.15999984741211,2579000,0.0,0
2022-03-04,FOXA,42.689998626708984,42.849998474121094,42.189998626708984,42.689998626708984,3424400,0.0,0
2022-03-07,FOXA,42.54999923706055,43.040000915527344,41.5,41.599998474121094,3232700,0.0,0
2022-03-08,FOXA,41.47999954223633,42.470001220703125,41.349998474121094,41.84000015258789,2733900,0.0,0
2022-03-09,FOXA,42.38999938964844,42.599998474121094,40.76499938964844,40.869998931884766,3604700,0.0,0
2022-03-10,FOXA,40.58000183105469,40.72999954223633,39.36000061035156,39.790000915527344,5192500,0.0,0
2022-03-11,FOXA,40.09000015258789,40.7400016784668,39.290000915527344,39.33000183105469,3444600,0.0,0
2022-03-14,FOXA,39.439998626708984,40.31999969482422,38.58000183105469,38.75,5955100,0.0,0
2022-03-15,FOXA,39.02000045776367,39.84000015258789,38.689998626708984,39.779998779296875,4830900,0.0,0
2022-03-16,FOXA,40.08000183105469,41.0,39.68000030517578,40.66999816894531,4515800,0.0,0
2022-03-17,FOXA,40.369998931884766,40.459999084472656,38.928001403808594,40.279998779296875,4950300,0.0,0
2022-03-18,FOXA,40.290000915527344,40.93000030517578,39.61000061035156,40.869998931884766,13459600,0.0,0
2022-03-21,FOXA,41.06999969482422,42.02000045776367,40.4900016784668,40.849998474121094,3371400,0.0,0
2022-03-22,FOXA,41.130001068115234,41.72999954223633,41.005001068115234,41.099998474121094,2631200,0.0,0
2022-03-23,FOXA,40.790000915527344,41.2400016784668,40.46500015258789,40.560001373291016,2540400,0.0,0
2022-03-24,FOXA,40.47999954223633,41.060001373291016,40.244998931884766,40.90999984741211,2416400,0.0,0
2022-03-25,FOXA,40.939998626708984,41.66999816894531,40.77199935913086,41.220001220703125,2504700,0.0,0
2022-03-28,FOXA,41.029998779296875,41.13999938964844,40.08000183105469,40.5,2099200,0.0,0
2022-03-29,FOXA,40.709999084472656,41.099998474121094,40.470001220703125,40.79999923706055,2333000,0.0,0
2022-03-30,FOXA,40.720001220703125,40.9900016784668,40.025001525878906,40.13999938964844,3022100,0.0,0
2022-03-31,FOXA,40.279998779296875,40.54999923706055,39.40999984741211,39.45000076293945,3596300,0.0,0
2022-04-01,FOXA,39.959999084472656,39.97999954223633,38.9900016784668,39.36000061035156,2335800,0.0,0
2022-04-04,FOXA,39.130001068115234,39.560001373291016,38.2599983215332,39.54999923706055,2582700,0.0,0
2022-04-05,FOXA,39.189998626708984,39.6510009765625,38.3849983215332,38.65999984741211,3557800,0.0,0
2022-04-06,FOXA,38.529998779296875,38.79999923706055,38.18000030517578,38.7599983215332,3818200,0.0,0
2022-04-07,FOXA,38.65999984741211,38.869998931884766,37.790000915527344,38.41999816894531,2730600,0.0,0
2022-04-08,FOXA,38.5099983215332,39.209999084472656,38.43000030517578,38.970001220703125,2118600,0.0,0
2022-04-11,FOXA,38.95000076293945,39.540000915527344,38.650001525878906,38.720001220703125,1974800,0.0,0
2022-04-12,FOXA,39.220001220703125,39.439998626708984,38.540000915527344,38.84000015258789,1997500,0.0,0
2022-04-13,FOXA,38.77000045776367,39.27000045776367,38.7599983215332,39.11000061035156,1528300,0.0,0
2022-04-14,FOXA,39.209999084472656,39.68000030517578,39.06999969482422,39.119998931884766,1773300,0.0,0
2022-04-18,FOXA,38.970001220703125,39.40999984741211,38.834999084472656,38.9900016784668,1252900,0.0,0
2022-04-19,FOXA,39.040000915527344,39.40999984741211,38.72999954223633,39.18000030517578,2630500,0.0,0
2022-04-20,FOXA,38.95000076293945,39.6150016784668,37.81999969482422,39.560001373291016,4384700,0.0,0
2022-04-21,FOXA,39.63999938964844,40.12099838256836,38.90999984741211,38.93000030517578,2340600,0.0,0
2022-04-22,FOXA,38.93000030517578,38.959999084472656,38.18000030517578,38.209999084472656,2215500,0.0,0
2022-04-25,FOXA,37.939998626708984,38.26499938964844,37.310001373291016,37.9900016784668,2983500,0.0,0
2022-04-26,FOXA,37.779998779296875,37.880001068115234,36.54999923706055,36.599998474121094,4090700,0.0,0
2022-04-27,FOXA,36.5099983215332,36.81999969482422,35.76499938964844,36.2599983215332,2262400,0.0,0
2022-04-28,FOXA,36.47999954223633,36.86000061035156,36.13999938964844,36.540000915527344,2077600,0.0,0
2022-04-29,FOXA,36.41999816894531,36.720001220703125,35.7599983215332,35.84000015258789,2464900,0.0,0
2022-05-02,FOXA,35.95000076293945,36.66999816894531,35.880001068115234,36.56999969482422,2704100,0.0,0
2022-05-03,FOXA,36.66999816894531,36.77000045776367,36.0099983215332,36.2400016784668,3056900,0.0,0
2022-05-04,FOXA,36.22999954223633,37.150001525878906,36.08000183105469,37.040000915527344,1890600,0.0,0
2022-05-05,FOXA,36.7400016784668,37.08000183105469,36.220001220703125,36.540000915527344,1867200,0.0,0
2022-05-06,FOXA,36.279998779296875,36.369998931884766,34.20500183105469,34.599998474121094,3164600,0.0,0
2022-05-09,FOXA,34.220001220703125,34.52000045776367,33.130001068115234,33.209999084472656,4065000,0.0,0
2022-05-10,FOXA,32.08000183105469,33.369998931884766,31.350000381469727,32.41999816894531,4567600,0.0,0
2022-05-11,FOXA,32.529998779296875,33.86000061035156,32.43000030517578,33.209999084472656,3779800,0.0,0
2022-05-12,FOXA,33.11000061035156,33.68000030517578,32.45000076293945,33.45000076293945,3275800,0.0,0
2022-05-13,FOXA,33.7599983215332,34.279998779296875,33.505001068115234,33.79999923706055,2672300,0.0,0
2022-05-16,FOXA,33.75,34.06999969482422,33.439998626708984,33.689998626708984,2351700,0.0,0
2022-05-17,FOXA,34.0099983215332,34.95000076293945,33.959999084472656,34.7400016784668,2340500,0.0,0
2022-05-18,FOXA,34.5,34.61000061035156,33.40999984741211,33.4900016784668,2876700,0.0,0
2022-05-19,FOXA,33.209999084472656,33.709999084472656,32.97999954223633,33.33000183105469,3425500,0.0,0
2022-05-20,FOXA,33.79999923706055,33.849998474121094,33.04999923706055,33.459999084472656,2496400,0.0,0
2022-05-23,FOXA,34.12799835205078,34.39500045776367,33.29999923706055,34.189998626708984,2512400,0.0,0
2022-05-24,FOXA,34.0,34.02000045776367,32.224998474121094,32.4900016784668,2409500,0.0,0
2022-05-25,FOXA,32.470001220703125,33.525001525878906,32.45000076293945,33.29999923706055,2353900,0.0,0
2022-05-26,FOXA,33.529998779296875,34.60499954223633,33.4900016784668,34.540000915527344,2950500,0.0,0
2022-05-27,FOXA,34.5099983215332,35.529998779296875,34.369998931884766,35.459999084472656,2573400,0.0,0
2022-05-31,FOXA,35.34000015258789,35.619998931884766,35.150001525878906,35.5099983215332,4768600,0.0,0
2022-06-01,FOXA,35.70000076293945,35.779998779296875,34.27000045776367,34.86000061035156,2447800,0.0,0
2022-06-02,FOXA,34.220001220703125,34.869998931884766,33.86000061035156,34.41999816894531,2695700,0.0,0
2022-06-03,FOXA,34.130001068115234,34.45000076293945,33.939998626708984,34.130001068115234,1933700,0.0,0
2022-06-06,FOXA,34.10499954223633,34.47999954223633,33.88999938964844,34.08000183105469,1425600,0.0,0
2022-06-07,FOXA,33.7599983215332,34.650001525878906,33.65999984741211,34.599998474121094,1722500,0.0,0
2022-06-08,FOXA,34.380001068115234,34.88999938964844,34.01499938964844,34.060001373291016,1660200,0.0,0
2022-06-09,FOXA,34.290000915527344,34.290000915527344,33.45000076293945,33.47999954223633,1582300,0.0,0
2022-06-10,FOXA,33.060001373291016,33.18000030517578,32.380001068115234,32.38999938964844,2402300,0.0,0
