Date,Symbol,Open,High,Low,Close,Volume,Dividends,Stock Splits
2019-03-20,DOW,44.40504605557616,45.03639742129525,41.669190137460085,41.921730041503906,2350800,0.0,0
2019-03-21,DOW,42.081674582164034,42.09009118746511,40.57484854696019,41.23145294189453,1764700,0.0,0
2019-03-22,DOW,41.07992869637399,42.04800208617743,40.54117603851505,40.91156768798828,844700,0.0,0
2019-03-25,DOW,40.91157527745401,41.58501943592679,40.40649536981917,41.374568939208984,440900,0.0,0
2019-03-26,DOW,41.24829228843891,41.87964370101706,40.558015000917685,41.12202072143555,504700,0.0,0
2019-03-27,DOW,41.24828989629048,42.7466961343207,41.24828989629048,42.17427062988281,1788600,0.0,0
2019-03-28,DOW,42.84771476162972,42.931893660790664,42.01853943889585,42.80562210083008,585400,0.0,0
2019-03-29,DOW,41.68602825413639,44.177760974793095,41.39981549492452,43.46223068237305,1769000,0.0,0
2019-04-01,DOW,44.02623323049961,45.78559911026832,43.14234198810898,45.03639602661133,19663400,0.0,0
2019-04-02,DOW,46.40011572954788,48.31100625907278,45.70983848942935,47.35135269165039,17414200,0.0,0
2019-04-03,DOW,48.050055822353514,48.15107115505711,46.72842383472531,47.88169479370117,15066200,0.0,0
2019-04-04,DOW,48.15106723059348,50.94584916029246,48.06688511751865,50.26398849487305,13309200,0.0,0
2019-04-05,DOW,49.15281611956401,49.64947940632212,47.36819685664486,48.18474578857422,17000800,0.0,0
2019-04-08,DOW,47.56180199886126,49.15280689706352,47.368187968990945,48.10897445678711,10764600,0.0,0
2019-04-09,DOW,47.81434857156036,48.151070625159456,47.20825337078928,47.368194580078125,9179900,0.0,0
2019-04-10,DOW,47.13248863120115,47.4860438790938,46.383282261259396,46.89678192138672,9081900,0.0,0
2019-04-11,DOW,46.8883577607372,47.31767523703668,46.15599114294688,46.20649719238281,7346100,0.0,0
2019-04-12,DOW,47.08198334659956,49.102309312211744,47.08198334659956,49.07705307006836,9281700,0.0,0
2019-04-15,DOW,49.30433314883891,49.54003663471311,48.2268278291635,48.63930892944336,5727300,0.0,0
2019-04-16,DOW,49.42218088988627,49.657887567893624,48.68981425292292,49.24540328979492,6681600,0.0,0
2019-04-17,DOW,49.62421572183635,49.70839461560083,48.99286438494586,49.09387969970703,6420700,0.0,0
2019-04-18,DOW,49.12755307813727,49.3380035260654,48.445692470811295,48.630889892578125,5178800,0.0,0
2019-04-22,DOW,48.386768272800154,49.16964422301842,48.20157084463955,48.73190689086914,4401700,0.0,0
2019-04-23,DOW,48.2268245202938,48.689814854874605,47.982701234548294,48.521453857421875,5687200,0.0,0
2019-04-24,DOW,48.395184025385184,48.73190279868832,47.027256181495304,47.124061584472656,5431300,0.0,0
2019-04-25,DOW,46.93886849906563,47.124065928747584,46.147575937075786,46.57689666748047,6260500,0.0,0
2019-04-26,DOW,46.55164527016817,46.80418520249433,46.25701588432424,46.50955581665039,4009800,0.0,0
2019-04-29,DOW,46.34119732528537,46.87574336897039,46.130746834969614,46.720008850097656,5935200,0.0,0
2019-04-30,DOW,46.938864327538276,48.15527081476826,46.804176175526564,47.75541305541992,6454100,0.0,0
2019-05-01,DOW,47.83117777637292,48.3867668331047,47.03988524442735,47.250335693359375,7644400,0.0,0
2019-05-02,DOW,46.75367432193465,47.55338670119109,43.79894810584748,44.36295700073242,13932700,0.0,0
2019-05-03,DOW,44.78385927657504,44.91012762794782,43.53799291795875,44.868038177490234,7401700,0.0,0
2019-05-06,DOW,43.89996538523159,45.482550465472166,43.5211539309967,45.002723693847656,6089500,0.0,0
2019-05-07,DOW,44.497640120366086,44.88907805466152,44.32086252712783,44.573402404785156,7330800,0.0,0
2019-05-08,DOW,44.89329070670709,44.94800666665825,44.034652501210275,44.177757263183594,5390700,0.0,0
2019-05-09,DOW,43.9925592874516,44.73334574756384,43.39488079872441,44.55656814575195,4579700,0.0,0
2019-05-10,DOW,44.56498427450589,45.21654058739389,44.186176049303725,44.67441940307617,4758100,0.0,0
2019-05-13,DOW,44.00940354347271,44.236690448218184,42.72986423410158,42.889808654785156,4213100,0.0,0
2019-05-14,DOW,43.209687137784464,44.615494576449755,42.79720285046207,44.177757263183594,4204500,0.0,0
2019-05-15,DOW,43.75685369618165,44.88907805466152,43.49589400291177,44.573402404785156,2928700,0.0,0
2019-05-16,DOW,44.859619232560256,45.078486290257864,44.388209062848176,44.59865951538086,3689700,0.0,0
2019-05-17,DOW,44.05991020221585,44.21143479639422,42.645682797363996,42.76353454589844,4440800,0.0,0
2019-05-20,DOW,42.426816533404356,42.544668284189584,42.02274880039877,42.157440185546875,5168400,0.0,0
2019-05-21,DOW,42.325801196898816,43.091840846180446,42.10693410191247,42.62043380737305,4968400,0.0,0
2019-05-22,DOW,42.477322879899,42.60359444872264,42.06063184073201,42.26687240600586,3019100,0.0,0
2019-05-23,DOW,41.66918985414245,41.972239021422176,40.58326474179646,41.00416564941406,4919200,0.0,0
2019-05-24,DOW,41.57659004940391,41.7323245371737,40.77687770367684,41.416648864746094,2918900,0.0,0
2019-05-28,DOW,41.559752737881,41.610262000426225,40.490664098149104,40.87789535522461,6613000,0.0,0
2019-05-29,DOW,40.574848136580506,41.61026398397351,40.4149037365056,41.00416564941406,3525900,0.0,0
2019-05-30,DOW,41.09811293524919,41.49952947051355,41.01270668682847,41.39704132080078,3777600,0.7,0
2019-05-31,DOW,40.961460472337485,40.99562427449571,39.92802989234738,39.93656921386719,3396900,0.0,0
2019-06-03,DOW,40.01343951560458,40.961463928222656,40.01343951560458,40.961463928222656,5905200,0.0,0
2019-06-04,DOW,41.57639519831911,42.64398956298828,41.54223139672023,42.64398956298828,7043000,0.0,0
2019-06-05,DOW,43.122276149483085,43.190600499613716,41.89240526673496,42.994163513183594,6413300,0.0,0
2019-06-06,DOW,42.94291917310334,43.82261923706177,42.83189169335424,43.609100341796875,6228100,0.0,0
2019-06-07,DOW,43.66888418898242,44.1471644162753,43.44682271941956,43.8140754699707,5391100,0.0,0
2019-06-10,DOW,44.17279278840133,44.49733918320448,44.05322272104859,44.08738327026367,5434400,0.0,0
2019-06-11,DOW,44.411930707388834,44.55712199391926,44.03613862045142,44.44609451293945,5144300,0.0,0
2019-06-12,DOW,44.46317252997655,44.958534635010516,44.13862292168839,44.83042526245117,3103900,0.0,0
2019-06-13,DOW,44.992701232893204,45.22330202747429,44.446093390052,45.163516998291016,4179800,0.0,0
2019-06-14,DOW,44.94999401298157,45.001236457307044,43.55785005010938,43.68596267700195,3919300,0.0,0
2019-06-17,DOW,42.755020498375316,42.98562127323697,41.892402422999545,42.148624420166016,5787300,0.0,0
2019-06-18,DOW,42.49025179923605,43.190593377293894,42.191326707884215,42.37068176269531,5014200,0.0,0
2019-06-19,DOW,42.66107092666879,42.90875359808309,41.27746955972866,41.42266082763672,5404000,0.0,0
2019-06-20,DOW,41.93084024010322,42.35360672581072,41.52515239834945,41.7899169921875,4228300,0.0,0
2019-06-21,DOW,41.69597076753603,42.080305441321,41.260393642606324,41.303096771240234,9478500,0.0,0
2019-06-24,DOW,41.43120599427328,42.44755804518038,41.26893280288636,42.345069885253906,4602300,0.0,0
2019-06-25,DOW,42.26819432640828,42.89422981611925,41.892399053288585,42.43900680541992,4005200,0.0,0
2019-06-26,DOW,42.57566459584854,43.74575043775981,42.54150405017406,43.088111877441406,5244400,0.0,0
2019-06-27,DOW,43.22475794258089,43.67741687695531,43.157283950736485,43.480979919433594,4097200,0.0,0
2019-06-28,DOW,43.59201796918646,43.72866993036097,41.91803063028873,42.11446762084961,6507400,0.0,0
2019-07-01,DOW,42.70377544757099,42.87459120096918,42.293819594239054,42.84042739868164,4641700,0.0,0
2019-07-02,DOW,42.70377394012038,42.755019641742706,41.64471891286806,42.19132995605469,4725800,0.0,0
2019-07-03,DOW,42.242577314579115,42.40485375957772,42.02051909779126,42.13154983520508,2479400,0.0,0
2019-07-05,DOW,41.858242342862624,42.165710070015216,41.81553921587804,42.11446762084961,2529800,0.0,0
2019-07-08,DOW,42.140080801890676,42.27673273698158,41.32443722260124,41.43973922729492,5936000,0.0,0
2019-07-09,DOW,41.25184284650867,41.362873565276324,40.56858315032163,40.88459014892578,4967400,0.0,0
2019-07-10,DOW,41.28601041500229,41.354334761839,40.585668755218514,40.611289978027344,3507400,0.0,0
2019-07-11,DOW,40.7650246887942,41.04687117778039,40.295283798523485,40.8077278137207,4202000,0.0,0
2019-07-12,DOW,41.38850960293344,42.73795083679043,41.0639631673307,42.45610427856445,4328400,0.0,0
2019-07-15,DOW,42.50733848803826,43.51514784963675,42.41338966073068,43.49806594848633,4923800,0.0,0
2019-07-16,DOW,43.515147723062164,44.96280544644481,43.515147723062164,44.68523025512695,6011200,0.0,0
2019-07-17,DOW,44.54857686779252,44.66814691360238,43.754286411439125,44.07029342651367,4417500,0.0,0
2019-07-18,DOW,44.027594271328546,44.45463204943656,43.796993480185456,44.19841003417969,3620300,0.0,0
2019-07-19,DOW,44.215491083421895,44.2667367887007,43.98489029672673,44.00197219848633,3221500,0.0,0
2019-07-22,DOW,43.988307831448445,44.044675174828726,43.21622086150934,43.45536422729492,2814900,0.0,0
2019-07-23,DOW,43.55785801916874,45.180603052510655,43.515154888405014,44.94145965576172,4387700,0.0,0
2019-07-24,DOW,44.83896814716999,45.257466616747756,44.44609416057196,45.08665084838867,3516400,0.0,0
2019-07-25,DOW,44.104460675834325,44.4033890717695,42.95999931382913,43.36141586303711,4254600,0.0,0
2019-07-26,DOW,42.9343806692831,42.96000189463057,41.78137665804921,41.94365310668945,5066000,0.0,0
2019-07-29,DOW,41.439735078567146,41.74720271624941,40.97853362204374,41.0383186340332,4219800,0.0,0
2019-07-30,DOW,40.80772820535663,41.3714179306992,40.80772820535663,41.337257385253906,4194300,0.0,0
2019-07-31,DOW,41.41412438271431,42.21695421770263,40.952922809022475,41.37141799926758,5188500,0.0,0
2019-08-01,DOW,41.12373610610462,41.50806746979353,39.95365034017173,40.01343536376953,5803200,0.0,0
2019-08-02,DOW,39.87678519802852,40.568587548058076,38.74940576259934,38.94584274291992,5346400,0.0,0
2019-08-05,DOW,38.48464788651608,38.54443291814882,37.63911160507606,38.23696517944336,5147300,0.0,0
2019-08-06,DOW,38.52734677215929,38.817732575841475,37.35299294606862,37.94657516479492,4702800,0.0,0
2019-08-07,DOW,37.66472287606786,38.43339201967701,37.502449727101045,38.33944320678711,4490100,0.0,0
2019-08-08,DOW,38.601655683011,39.987821391542184,38.59567717956731,39.96220016479492,4573400,0.0,0
2019-08-09,DOW,39.6461820948415,40.13300811432863,39.37287820273187,39.83407974243164,4468000,0.0,0
2019-08-12,DOW,39.62056240164185,39.97073323054425,38.877517619929826,39.022708892822266,4491600,0.0,0
2019-08-13,DOW,39.099574851015156,40.79064392858044,38.92876235961539,40.01343536376953,5407300,0.0,0
2019-08-14,DOW,39.11665543406289,39.41558380002153,37.579320256976274,37.647647857666016,6178300,0.0,0
2019-08-15,DOW,37.869708777329045,37.895330000417424,36.69108364467043,37.04979705810547,3494600,0.0,0
2019-08-16,DOW,36.97293028184761,38.27112547160828,36.528810617610574,38.01490020751953,4586000,0.0,0
2019-08-19,DOW,38.74086644086348,39.17046502363613,38.56151136205419,38.94584274291992,3615500,0.0,0
2019-08-20,DOW,38.64691834594514,38.64691834594514,36.78503340034814,36.861900329589844,5972800,0.0,0
2019-08-21,DOW,37.45121261757377,37.78430482819508,36.9302292541748,36.96438980102539,4397800,0.0,0
2019-08-22,DOW,36.998551899786406,37.49391727373427,35.88825435636758,35.913875579833984,6072100,0.0,0
2019-08-23,DOW,35.87117117674277,35.888253077791674,34.53881221728383,34.769412994384766,6696800,0.0,0
2019-08-26,DOW,35.24769598204563,35.31602032729537,34.68400628706763,34.86336135864258,3402400,0.0,0
2019-08-27,DOW,35.17937056765664,35.64057214443679,34.94791617287826,35.162288665771484,4152200,0.0,0
2019-08-28,DOW,35.14521347242311,36.41778433642907,34.81212124001969,36.3152961730957,4539300,0.0,0
2019-08-29,DOW,36.758163931382825,37.33997119484839,36.65395697555316,36.79289627075195,3292500,0.7,0
2019-08-30,DOW,37.192344049440294,37.33996557913644,36.70605493309249,37.01866912841797,4099200,0.0,0
2019-09-03,DOW,36.59316660602388,36.671320156710095,35.73348086104911,36.29792022705078,3343300,0.0,0
2019-09-04,DOW,36.98393914899978,37.157614096635506,36.34134283651982,36.940521240234375,2651400,0.0,0
2019-09-05,DOW,37.47022687867975,38.18229115490195,37.418123402648625,37.652584075927734,4041400,0.0,0
2019-09-06,DOW,37.80888872876195,37.913092361462915,37.04472102628276,37.548377990722656,3217900,0.0,0
2019-09-09,DOW,37.80021370528298,38.7528174317205,37.56575298186928,38.599117279052734,3848000,0.0,0
2019-09-10,DOW,39.16355101299599,40.266383150400515,38.88567241440617,40.222965240478516,4704000,0.0,0
2019-09-11,DOW,40.39663717560001,40.85687294903268,39.58036926727956,40.709251403808594,4445000,0.0,0
2019-09-12,DOW,40.87424273891906,40.97844638247269,39.571685600489324,40.78740692138672,3649700,0.0,0
2019-09-13,DOW,41.369213894830345,42.063910367913216,41.030549571238325,41.85550308227539,4027600,0.0,0
2019-09-16,DOW,42.28100506564742,43.40120504064151,41.92497290063855,42.55888366699219,5040600,0.0,0
2019-09-17,DOW,42.26363479794842,42.62835251150712,41.343163226373385,41.681827545166016,3741900,0.0,0
2019-09-18,DOW,41.594992404932654,41.594992404932654,40.830824626674655,41.256324768066406,2588200,0.0,0
2019-09-19,DOW,41.78603098013221,42.0378594819916,41.23895938135713,41.36921310424805,2418300,0.0,0
2019-09-20,DOW,41.22159233795285,42.419942511642766,40.874242445171554,41.86418533325195,10570400,0.0,0
2019-09-23,DOW,41.15211851959589,41.868525559319494,40.91765785318232,41.60367202758789,3599400,0.0,0
2019-09-24,DOW,41.490781033164716,41.6818237855387,39.901663223879396,40.466102600097656,4515300,0.0,0
2019-09-25,DOW,40.42268537718145,41.655774407482845,40.05797100294894,41.40394592285156,4396200,0.0,0
2019-09-26,DOW,41.25632654214362,41.41263366970358,40.75614439646658,41.01318359375,2994200,0.0,0
2019-09-27,DOW,41.160812705551514,41.57763065113646,40.82214501922509,40.87424850463867,3722300,0.0,0
2019-09-30,DOW,41.03923153616328,41.499470637775396,40.9089778117091,41.377899169921875,2512200,0.0,0
2019-10-01,DOW,41.62972637984216,42.17680132427142,39.858251128361594,39.919036865234375,3838400,0.0,0
2019-10-02,DOW,38.79014794728496,39.22433363720348,38.520954939582786,39.015926361083984,4759500,0.0,0
2019-10-03,DOW,38.946463311144775,39.41538475061161,38.52964535803246,39.345916748046875,3422400,0.0,0
2019-10-04,DOW,39.233020393802015,39.754041912448315,39.08539553222201,39.3719596862793,3512300,0.0,0
2019-10-07,DOW,39.14618066343464,39.745355681215244,38.87264157781248,39.22433090209961,2977900,0.0,0
2019-10-08,DOW,38.859614699033855,39.12012541997636,38.06071471313371,38.07807922363281,2985900,0.0,0
2019-10-09,DOW,38.54700398513026,38.67726101363516,38.208339686106136,38.21702194213867,2844600,0.0,0
2019-10-10,DOW,38.49490436790288,39.3285400869107,38.22570805105553,39.007240295410156,4325000,0.0,0
2019-10-11,DOW,39.72799604479116,41.43868895636116,39.51350685369207,40.92634963989258,3675700,0.0,0
2019-10-14,DOW,40.57031064364803,41.047914224947334,40.15349279201006,40.65714645385742,3196500,0.0,0
2019-10-15,DOW,40.65714716423165,41.768661454686956,40.405318672621036,40.98712921142578,3216800,0.0,0
2019-10-16,DOW,41.23896725438321,41.612363981349084,40.82214598634872,40.917667388916016,3626900,0.0,0
2019-10-17,DOW,41.195538268764075,42.15074880199609,40.93502750972771,41.51683807373047,2724400,0.0,0
2019-10-18,DOW,41.60367300504424,41.84768714025098,41.12606940486542,41.647090911865234,2757600,0.0,0
2019-10-21,DOW,42.194174654906845,42.524156778528045,40.89161730187936,40.917667388916016,3967000,0.0,0
2019-10-22,DOW,40.882924860519964,41.146907181089,39.96245003446081,40.65714645385742,4645400,0.0,0
2019-10-23,DOW,40.62241577485009,41.25632654214362,40.4226907368733,41.01318359375,4152000,0.0,0
2019-10-24,DOW,42.246267814514944,43.40988556461112,41.54288582329395,42.95833206176758,6098900,0.0,0
2019-10-25,DOW,43.22752753679265,44.07853111728457,42.46336308445748,43.83538818359375,5361100,0.0,0
2019-10-28,DOW,44.06984170011696,44.669016680459094,43.791963160314225,44.46929168701172,4504100,0.0,0
2019-10-29,DOW,44.252205216408555,44.83401576994497,43.73986596407158,44.71244430541992,3462100,0.0,0
2019-10-30,DOW,44.46061695853113,44.69507763728855,43.7051347575844,44.312992095947266,3602100,0.0,0
2019-10-31,DOW,44.18274241564256,44.31299615182472,43.16674604803505,43.844078063964844,3744000,0.0,0
2019-11-01,DOW,44.269575357264785,45.58081807911109,44.20010736500573,45.42451095581055,3207100,0.0,0
2019-11-04,DOW,45.71975877449921,47.248091089256505,45.554766076761304,47.03968048095703,5430200,0.0,0
2019-11-05,DOW,46.90073836076256,47.760427513538836,46.58812743596341,47.065731048583984,6044500,0.0,0
2019-11-06,DOW,47.030989243129206,47.534646184676106,46.72706061466029,47.13519287109375,3847000,0.0,0
2019-11-07,DOW,47.70832020460975,48.57669154420088,47.25676671051351,48.45512008666992,5974300,0.0,0
2019-11-08,DOW,48.19461751614365,48.620121002197266,47.77779959999944,48.620121002197266,4812000,0.0,0
2019-11-11,DOW,48.238031543618,48.84589219792927,47.95147069859533,48.463809967041016,3184900,0.0,0
2019-11-12,DOW,48.62880042501094,48.7243218130005,47.352293353830675,47.89936828613281,2742700,0.0,0
2019-11-13,DOW,47.05704517111637,47.30887367319183,46.42313444396278,46.59680938720703,3426000,0.0,0
2019-11-14,DOW,46.284193905002844,47.01362599691883,46.15394018550916,46.848636627197266,2595500,0.0,0
2019-11-15,DOW,47.12651950159048,48.01225878773331,47.013630284341836,47.638858795166016,3865000,0.0,0
2019-11-18,DOW,47.543337124153645,47.68227642434227,46.99626218040973,47.16993713378906,3439900,0.0,0
2019-11-19,DOW,47.59543571005705,47.59543571005705,45.84132515517888,46.36234664916992,5208300,0.0,0
2019-11-20,DOW,46.14526106248194,46.41445742048997,45.242153905849605,45.737125396728516,5394100,0.0,0
2019-11-21,DOW,45.77184948887922,46.822577945303706,45.45923529728136,46.787845611572266,4618400,0.0,0
2019-11-22,DOW,46.87468827850614,47.46518110186127,46.54470621543732,47.065731048583984,3115600,0.0,0
2019-11-25,DOW,47.60411905098294,47.96015118625735,47.20466900898217,47.93410110473633,5073700,0.0,0
2019-11-26,DOW,47.97751862170996,48.41170431059421,47.60411866426359,48.081722259521484,4643800,0.0,0
2019-11-27,DOW,48.090513467476775,48.284002341069254,47.404512341086125,47.73871612548828,3926000,0.7,0
2019-11-29,DOW,47.501261989161236,47.73872473457873,46.718516284815806,46.93838882446289,1887600,0.0,0
2019-12-02,DOW,46.61297434802654,47.27259190955522,46.51622990220419,46.753692626953125,3349500,0.0,0
2019-12-03,DOW,45.69830048993012,45.74227431979384,44.897964708452854,45.575172424316406,3950100,0.0,0
2019-12-04,DOW,47.043925685571864,47.043925685571864,45.91817610584357,45.979740142822266,3791400,0.0,0
2019-12-05,DOW,46.19961486488375,46.30515609472675,45.45204960593289,45.73348617553711,2692600,0.0,0
2019-12-06,DOW,46.25238166570369,47.272589985136875,46.25238166570369,46.806461334228516,2818800,0.0,0
2019-12-09,DOW,47.45728411430279,47.474874318576525,46.60418101445112,46.85043716430664,2377200,0.0,0
2019-12-10,DOW,46.92958867084254,46.955972298221226,46.34032860447562,46.7273063659668,2609700,0.0,0
2019-12-11,DOW,47.05272130884206,47.55403040765868,46.656950084779325,46.700923919677734,3253300,0.0,0
2019-12-12,DOW,46.832848200061925,48.002571652824145,46.45466718563417,47.88823699951172,2882300,0.0,0
2019-12-13,DOW,48.05533707823704,48.2136455598628,46.83284641289574,46.859230041503906,3198600,0.0,0
2019-12-16,DOW,47.14946311163789,47.967389143786285,47.061512091790114,47.64197540283203,4040000,0.0,0
2019-12-17,DOW,47.58040993624862,48.143286381390254,47.430898239483994,48.07292556762695,2665300,0.0,0
2019-12-18,DOW,47.809078118388335,48.09930808096749,47.087896568963544,47.71233367919922,3659100,0.0,0
2019-12-19,DOW,47.87064815260302,48.25762260288263,47.545237743163604,47.94980239868164,3356000,0.0,0
2019-12-20,DOW,48.415931823041674,48.59183052308224,47.51005804706747,48.02895736694336,10476700,0.0,0
2019-12-23,DOW,47.92341982827081,48.415932165885586,47.68595708478282,48.310394287109375,2678600,0.0,0
2019-12-24,DOW,48.37195951612686,48.59183205938198,48.06413929756519,48.28401184082031,926200,0.0,0
2019-12-26,DOW,48.35436204558315,48.57423455580587,47.94979743197052,48.5654411315918,1909600,0.0,0
2019-12-27,DOW,48.627011104670835,48.85567706703367,48.12570198853928,48.22244644165039,1688500,0.0,0
2019-12-30,DOW,48.24883157077141,48.41593349634138,47.70354860128996,47.79149627685547,1943300,0.0,0
2019-12-31,DOW,47.51005382439183,48.17846479915147,47.43089958415821,48.134490966796875,2145700,0.0,0
2020-01-02,DOW,48.57424336046002,48.84688653035176,47.175853807769364,47.27259826660156,5145200,0.0,0
2020-01-03,DOW,46.70972127722497,47.140669561542055,46.09407751606911,46.10287094116211,5004300,0.0,0
2020-01-06,DOW,46.014919186031264,46.50743482223838,45.73348263819528,45.918174743652344,4293100,0.0,0
2020-01-07,DOW,45.9885361938428,46.670138979591435,45.72468984597273,45.90058517456055,5122800,0.0,0
2020-01-08,DOW,46.09408598897631,46.76249713353308,45.663134270454094,46.37552261352539,3629700,0.0,0
2020-01-09,DOW,46.39310081757612,46.674537369302634,45.566381366253026,45.90058517456055,2667800,0.0,0
2020-01-10,DOW,46.48984636969693,46.49863979434063,45.20579165245691,45.293739318847656,3277300,0.0,0
2020-01-13,DOW,45.29373654380985,46.08527891278433,45.26735291650677,46.04130172729492,2665500,0.0,0
2020-01-14,DOW,45.900583818802325,46.58658832898809,45.68950808873612,45.94456100463867,3689800,0.0,0
2020-01-15,DOW,45.90058263938809,46.30515059576473,45.46963441116632,45.970943450927734,2235400,0.0,0
2020-01-16,DOW,46.243594492640455,46.49864409073512,45.88300030415023,46.155643463134766,3765600,0.0,0
2020-01-17,DOW,46.19960685362223,46.92958513600563,46.10726080976433,46.91199493408203,3897500,0.0,0
2020-01-21,DOW,46.59538423420811,46.74489929303873,45.909383042483356,46.26117706298828,4156000,0.0,0
2020-01-22,DOW,46.37551435620069,46.43707839717228,44.574318266802365,44.739662170410156,5149600,0.0,0
2020-01-23,DOW,44.16799045712293,44.63411910023856,43.22693639178297,44.194374084472656,5797600,0.0,0
2020-01-24,DOW,43.868971381040296,44.211972016500326,42.25070930593008,42.646480560302734,5919300,0.0,0
2020-01-27,DOW,41.60867363008966,41.846136335668994,41.019413578099154,41.49433898925781,4827000,0.0,0
2020-01-28,DOW,41.687828502235455,41.969265041669246,41.35362135353726,41.476749420166016,5813800,0.0,0
2020-01-29,DOW,43.077422027791435,43.93052844555833,42.74321487109076,43.684268951416016,6828000,0.0,0
2020-01-30,DOW,42.4881650894528,43.07742180654157,41.91649522079476,42.628883361816406,5644800,0.0,0
2020-01-31,DOW,41.9516742110748,42.09679086814015,40.386179709529046,40.518104553222656,7532200,0.0,0
2020-02-03,DOW,40.72918746042395,41.30965078825712,40.21908159551591,41.10736846923828,6364900,0.0,0
2020-02-04,DOW,41.90770078655787,42.54972809843003,41.72300533260404,42.25949478149414,5287000,0.0,0
2020-02-05,DOW,42.98947293485934,43.745834885652904,42.67285599220267,43.631500244140625,5403200,0.0,0
2020-02-06,DOW,43.6315029653724,43.67547679793103,42.70803906168749,43.270912170410156,5985200,0.0,0
2020-02-07,DOW,42.69045086323973,42.69045086323973,41.73180650647599,42.24190902709961,3802100,0.0,0
2020-02-10,DOW,42.03962498678826,42.84875760178313,42.03962498678826,42.382625579833984,2488300,0.0,0
2020-02-11,DOW,42.69045156495452,43.983299770106235,42.65527115468124,42.91032409667969,3705400,0.0,0
2020-02-12,DOW,43.70186572957155,44.29991931890867,43.086225289067556,43.42922592163086,2964200,0.0,0
2020-02-13,DOW,43.007066177238734,43.086220418497,42.23311396882329,42.4793701171875,3302600,0.0,0
2020-02-14,DOW,42.66406250356422,43.042243508126894,42.549731208222695,42.76960372924805,3207000,0.0,0
2020-02-18,DOW,42.38262622438322,42.672859564443975,41.53743753630692,41.98685836791992,3594300,0.0,0
2020-02-19,DOW,42.057218206188864,42.47057964538657,41.696627383161704,41.82855224609375,5644900,0.0,0
2020-02-20,DOW,41.79336450333881,42.92790738955351,41.72300369412175,42.88393020629883,4154200,0.0,0
2020-02-21,DOW,42.7256296205401,42.89273152764604,42.285884581324936,42.4793701171875,3972800,0.0,0
2020-02-24,DOW,40.99303199344732,41.37121298543272,40.280643841221455,40.66762161254883,5075900,0.0,0
2020-02-25,DOW,40.89628623821295,40.92706825494541,38.328176970852844,38.653587341308594,5529300,0.0,0
2020-02-26,DOW,39.0933287387785,39.471509683648755,37.83565784862634,37.86204147338867,6470700,0.0,0
2020-02-27,DOW,36.95014288691189,37.06636395818924,35.314071603460526,35.35877227783203,10009300,0.7,0
2020-02-28,DOW,34.080309424177344,36.19915594051622,34.017727804921,36.12763214111328,10280000,0.0,0
2020-03-02,DOW,36.69980864290348,37.03059768676758,35.5643939134862,37.03059768676758,7706700,0.0,0
2020-03-03,DOW,36.96801659029324,38.21429117936908,35.52863592648701,36.26173782348633,6765300,0.0,0
2020-03-04,DOW,37.05742962527369,37.52232419738469,35.94883435171004,37.46868133544922,4967000,0.0,0
2020-03-05,DOW,35.787908936784184,36.32432732121839,35.45711981650453,35.85049057006836,5447400,0.0,0
2020-03-06,DOW,34.616729892119125,35.483933847211134,34.25017892295009,34.84023666381836,6928400,0.0,0
2020-03-09,DOW,31.067447372828795,31.237311324949403,27.205249871545693,27.294652938842773,15081500,0.0,0
2020-03-10,DOW,29.064821535414563,29.797926945846694,26.208406730941487,28.072452545166016,12975400,0.0,0
2020-03-11,DOW,26.99067726527423,27.115840507291185,24.898653820360973,25.02381706237793,12444100,0.0,0
2020-03-12,DOW,22.75298991318368,23.593374142289917,20.017265815202272,21.16162109375,18163300,0.0,0
2020-03-13,DOW,24.970176440124952,25.041698537808802,20.187131255006253,22.96755599975586,17350800,0.0,0
2020-03-16,DOW,20.65202642212948,22.73510950409069,19.62389559463488,19.668596267700195,12345400,0.0,0
2020-03-17,DOW,22.949674855949993,24.675147366430142,20.33017527933268,23.78112030029297,19873300,0.0,0
2020-03-18,DOW,22.207631302522582,25.292025202125636,21.912602454273514,23.63807487487793,16955900,0.0,0
2020-03-19,DOW,23.49503322838726,28.027750434834687,23.182123396662703,25.140043258666992,13893400,0.0,0
2020-03-20,DOW,25.560235332518378,26.543665499225852,23.77218110403984,24.5321044921875,12649100,0.0,0
2020-03-23,DOW,24.263895524638414,25.417191329537427,23.253645627940642,23.763240814208984,11703100,0.0,0
2020-03-24,DOW,25.62281706112767,26.785051632242496,24.04932912908729,25.452951431274414,12333600,0.0,0
2020-03-25,DOW,26.08771190958985,28.988828989664757,25.56917624272956,27.16054344177246,10539200,0.0,0
2020-03-26,DOW,27.071143748054528,27.983050179855596,25.882087661426784,26.534727096557617,14298600,0.0,0
2020-03-27,DOW,25.032758245893707,26.161019643538417,24.06720906747523,25.53341293334961,9101400,0.0,0
2020-03-30,DOW,25.309905104452145,26.275454242476684,24.8628915830478,25.613874435424805,6817000,0.0,0
2020-03-31,DOW,25.524474397494625,26.89233654803853,25.43507304685714,26.141353607177734,7599900,0.0,0
2020-04-01,DOW,24.889716756900782,25.274148716043975,24.085092638231195,24.174495697021484,10339900,0.0,0
2020-04-02,DOW,24.23707486142909,26.677768398395813,24.07167862266215,25.059579849243164,10680300,0.0,0
2020-04-03,DOW,24.836073653673186,25.542354181696613,24.514223349387308,25.005937576293945,8005100,0.0,0
2020-04-06,DOW,26.400623122116816,27.696961504230902,26.3738016929561,27.303590774536133,8021100,0.0,0
2020-04-07,DOW,29.288326760634874,31.353530622198935,28.439002025276615,28.903898239135742,15028000,0.0,0
2020-04-08,DOW,29.47607742804829,31.237308666220642,28.930720298653075,31.103206634521484,7220700,0.0,0
2020-04-09,DOW,31.96147137646814,33.74058694808884,31.773726488986817,32.68563461303711,9892300,0.0,0
2020-04-13,DOW,32.60517148368169,32.98960343375063,30.906518522426197,31.4965763092041,7170600,0.0,0
2020-04-14,DOW,32.515771442024814,33.204172861606615,31.371417607106206,31.62174415588379,7348800,0.0,0
2020-04-15,DOW,30.26281613421707,30.26281613421707,28.4926445811341,28.81449317932129,7586700,0.0,0
2020-04-16,DOW,29.225744412007167,29.225744412007167,27.401930030899578,28.278076171875,6918500,0.0,0
2020-04-17,DOW,29.538655798638313,30.450563837423356,29.145281697333377,29.87838363647461,6544100,0.0,0
2020-04-20,DOW,28.769792197618735,29.350911173701014,28.16185350002096,28.188674926757812,7140700,0.0,0
2020-04-21,DOW,27.17842280166723,27.85788358486158,26.481082772899835,27.607555389404297,7315100,0.0,0
2020-04-22,DOW,28.430062223275424,28.631220375003625,27.607557190508864,28.465824127197266,5331100,0.0,0
2020-04-23,DOW,28.698270593265036,29.79792700590825,28.617808012106824,29.109525680541992,7724700,0.0,0
2020-04-24,DOW,29.538655693089428,29.815801906626476,28.823434707512508,29.61017608642578,4979100,0.0,0
2020-04-27,DOW,29.78004639603649,31.06297320814364,29.33303280900141,30.790294647216797,4885900,0.0,0
2020-04-28,DOW,31.72007847958203,32.354836849663016,31.031677260171012,32.068748474121094,5868600,0.0,0
2020-04-29,DOW,33.07900882216161,34.05349867793492,32.98960745979257,33.499202728271484,6887300,0.0,0
2020-04-30,DOW,33.32039053666236,33.39191093146913,32.22967637970653,32.80185317993164,10990200,0.0,0
2020-05-01,DOW,31.04956207712896,31.371412392310262,29.98567101122889,30.334341049194336,8709300,0.0,0
2020-05-04,DOW,28.698270858423875,29.628059935855592,28.39430318873282,29.55653953552246,6248300,0.0,0
2020-05-05,DOW,30.0661358113928,30.888639201675705,29.708523565782677,29.83368682861328,5041600,0.0,0
2020-05-06,DOW,29.24362517309426,29.83815400396413,28.5015827597064,28.573104858398438,4601500,0.0,0
2020-05-07,DOW,29.08270315464292,30.218118085642185,29.06482220174021,29.368791580200195,5056200,0.0,0
2020-05-08,DOW,30.200239752385116,30.72771597221904,29.8336887121916,30.691957473754883,4175700,0.0,0
2020-05-11,DOW,30.57572735937935,30.611489261718692,29.574417966976828,30.307519912719727,4321000,0.0,0
2020-05-12,DOW,30.620432538000777,31.657503985351834,30.173418924307335,30.20918083190918,5675400,0.0,0
2020-05-13,DOW,29.94990836471762,30.006231827433716,28.421122815950245,28.921775817871094,5865200,0.0,0
2020-05-14,DOW,27.884706122497047,29.994608948912603,27.625437441308506,29.958847045898438,6187900,0.0,0
2020-05-15,DOW,29.690638056303623,30.379039306676987,29.350910226594124,30.003549575805664,4829200,0.0,0
2020-05-18,DOW,32.07769375468841,33.981969048988404,31.9257073721177,32.8465576171875,8544900,0.0,0
2020-05-19,DOW,32.748219045473306,32.79291972577961,31.809491117267765,31.863130569458008,4415500,0.0,0
2020-05-20,DOW,32.48894952367276,33.079007356313596,31.970412095669154,32.34590530395508,5656200,0.0,0
2020-05-21,DOW,32.18497682321125,32.86443594443974,31.881007461240987,32.024051666259766,3941800,0.0,0
2020-05-22,DOW,31.898888503997643,32.34590207225945,31.62173886391589,32.292259216308594,3040600,0.0,0
2020-05-26,DOW,34.29488171573948,34.822357865982546,33.90150759054221,34.67931365966797,6188600,0.0,0
2020-05-27,DOW,35.71638316881518,36.35561267890021,34.893876467029806,35.60015869140625,6895200,0.0,0
2020-05-28,DOW,36.00966467931576,36.118866633633985,34.89943381743325,35.22704315185547,5266800,0.7,0
2020-05-29,DOW,34.7083275061712,35.48185027212358,34.326118952604666,35.12693786621094,5254200,0.0,0
2020-06-01,DOW,35.136051177978516,35.50005894355685,34.744740313167185,35.136051177978516,3014400,0.0,0
2020-06-02,DOW,35.67296251368254,37.520311211316816,35.57285925926467,36.94699478149414,6083400,0.0,0
2020-06-03,DOW,37.756912634372206,38.49403015224764,37.72960954267749,37.884315490722656,5160600,0.0,0
2020-06-04,DOW,37.76601672714866,38.91264606900895,37.602212039530336,38.86714553833008,3901500,0.0,0
2020-06-05,DOW,40.68719487772955,41.615420291512145,39.892745954746914,40.01377868652344,7656600,0.0,0
2020-06-08,DOW,40.11388567790347,41.79742978435828,40.11388567790347,41.7701301574707,5727300,0.0,0
2020-06-09,DOW,40.468787285534006,40.787294445656904,39.967361550139216,40.4141845703125,5535400,0.0,0
2020-06-10,DOW,40.39598445923047,40.49608770337027,39.495062204907775,39.65886688232422,4267700,0.0,0
2020-06-11,DOW,37.515760312530716,38.25743253515355,35.445456564725276,35.727561950683594,9225100,0.0,0
2020-06-12,DOW,38.057227907520094,38.14368135405704,36.387333625418755,37.52031326293945,5034900,0.0,0
2020-06-15,DOW,35.92776624171539,38.63054007231982,35.7548628393396,38.20282745361328,5665300,0.0,0
2020-06-16,DOW,40.18668261123373,40.49609108648356,37.71141480923507,38.44853591918945,5592400,0.0,0
2020-06-17,DOW,38.85804963175632,38.94541260100163,37.33830680257499,37.4657096862793,3525100,0.0,0
2020-06-18,DOW,36.992498325269864,38.21193132747802,36.74679128697403,37.83882141113281,4106800,0.0,0
2020-06-19,DOW,38.794346663070236,39.13105476696093,37.73871834775048,37.902523040771484,7494400,0.0,0
2020-06-22,DOW,37.729615367557415,38.339333594681115,37.01069517119812,37.98442459106445,3316000,0.0,0
2020-06-23,DOW,38.65783755500489,38.65783755500489,37.611311538372384,37.62950897216797,3603900,0.0,0
2020-06-24,DOW,36.946994857334026,37.05620030136029,34.87214002138854,34.99044418334961,7707200,0.0,0
2020-06-25,DOW,34.58093012014579,36.42827869727333,34.28972256527252,36.38277816772461,5986900,0.0,0
2020-06-26,DOW,36.000571127172236,36.40098066475606,35.24524911207389,36.21897506713867,8333800,0.0,0
2020-06-29,DOW,36.72858672603075,37.4884562955655,36.57388076702706,37.29280090332031,7756700,0.0,0
2020-06-30,DOW,36.9378954591066,37.26550484221552,36.18257344010901,37.09259796142578,4835300,0.0,0
2020-07-01,DOW,37.083499908447266,37.58401270985048,36.70129126894711,37.083499908447266,4023600,0.0,0
2020-07-02,DOW,37.91162090201706,38.44853550112823,37.22910252034023,37.84791946411133,4017500,0.0,0
2020-07-06,DOW,38.794347451476916,38.930849050789774,37.8206214628789,38.63054275512695,4679000,0.0,0
2020-07-07,DOW,37.984423068252376,38.28472933947782,37.46570592437592,37.93891906738281,4535900,0.0,0
2020-07-08,DOW,37.756920978243045,38.020825465517234,36.06882234414568,36.71949005126953,4824200,0.0,0
2020-07-09,DOW,36.7558890210689,36.87419317814915,35.64565801954962,35.89136505126953,3671900,0.0,0
2020-07-10,DOW,35.891365871005085,37.14720068243329,35.875897009360386,37.09259796142578,3007800,0.0,0
2020-07-13,DOW,37.40200877364,38.07542848892176,36.855995415333474,37.529415130615234,3089000,0.0,0
2020-07-14,DOW,37.602210643229085,38.839844471957434,37.5294104911398,38.621437072753906,4350800,0.0,0
2020-07-15,DOW,39.722569706264345,40.13207794267435,38.72609179567283,39.43136215209961,3788300,0.0,0
2020-07-16,DOW,39.30395307329913,40.28223000971478,38.985445917939444,39.88637161254883,4259800,0.0,0
2020-07-17,DOW,40.10478347252756,40.17758710615751,39.094655620456095,39.74077224731445,4610600,0.0,0
2020-07-20,DOW,39.44046789830844,39.745325318488156,38.33023673052738,38.494041442871094,3580900,0.0,0
2020-07-21,DOW,38.6760397221298,39.52236275141384,38.63053919322086,39.16745376586914,3399600,0.0,0
2020-07-22,DOW,39.07645475198862,40.49609436600876,39.026403121683956,40.35049057006836,5792500,0.0,0
2020-07-23,DOW,39.13105168941558,39.31305727528782,38.111825268585974,38.967247009277344,6574300,0.0,0
2020-07-24,DOW,38.96725025397668,39.56786630733931,38.494037079892784,38.776145935058594,2999600,0.0,0
2020-07-27,DOW,38.95814879112136,40.47788798896363,38.61233852068174,40.04107666015625,4733600,0.0,0
2020-07-28,DOW,39.80447003278703,40.05927576191498,38.75794055135262,38.785240173339844,3395400,0.0,0
2020-07-29,DOW,38.94904836181865,39.709830991152046,38.894449112918764,39.60426712036133,3186900,0.0,0
2020-07-30,DOW,38.82164580293136,38.97635177617032,37.62041371676781,37.97532272338867,4118700,0.0,0
2020-07-31,DOW,37.756915183829285,38.14822249555609,36.93789180703431,37.365604400634766,7462100,0.0,0
2020-08-03,DOW,37.5112121416535,37.529413048783184,36.47378473553834,36.48288345336914,5079900,0.0,0
2020-08-04,DOW,36.43738817541076,38.09818387219252,36.309985278600074,37.60221862792969,5408800,0.0,0
2020-08-05,DOW,38.13002317296951,38.657835511838414,37.99351812644318,38.2119255065918,3563600,0.0,0
2020-08-06,DOW,37.93891971164784,38.509507538161095,37.36196521294875,38.26652908325195,3724900,0.0,0
2020-08-07,DOW,37.838817093215454,38.82619275689338,37.71505232782324,38.794342041015625,2913100,0.0,0
2020-08-10,DOW,38.958153232379196,40.85100253966404,38.958153232379196,40.769100189208984,4245900,0.0,0
2020-08-11,DOW,41.44251624110032,41.9248281114825,40.35048615529295,40.496089935302734,4373800,0.0,0
2020-08-12,DOW,41.15130452266328,41.29690828795953,39.97737221226175,40.29587936401367,2577300,0.0,0
2020-08-13,DOW,39.91367462488657,40.832797830914146,39.777169563011256,40.43238830566406,2767100,0.0,0
2020-08-14,DOW,39.99558087388454,41.07850887133943,39.886378896599844,40.832801818847656,1998300,0.0,0
2020-08-17,DOW,41.042105242413804,41.35151372394527,40.23218395967596,40.45969009399414,3257300,0.0,0
2020-08-18,DOW,40.41419195585292,40.978406230379086,40.32319088532133,40.687198638916016,2447100,0.0,0
2020-08-19,DOW,40.66898990639497,41.0420997781429,40.26858041303328,40.62348937988281,3453400,0.0,0
2020-08-20,DOW,40.0592780985184,40.16848006430459,39.61336457506726,39.758968353271484,3324000,0.0,0
2020-08-21,DOW,39.58607021160762,39.92277834254578,39.358564060966195,39.667972564697266,2511600,0.0,0
2020-08-24,DOW,40.314081295727874,41.99762856329335,40.05927556783442,41.9703254699707,4609000,0.0,0
2020-08-25,DOW,42.23423398180505,42.46174009105232,41.38154083440059,41.488014221191406,4188000,0.0,0
2020-08-26,DOW,41.569916241599785,42.461739766455466,41.20590508099973,42.1705322265625,3928500,0.0,0
2020-08-27,DOW,42.479942263907,42.725649285801715,41.688221952113686,42.00672912597656,3702300,0.0,0
2020-08-28,DOW,41.960534706905186,42.69976386050515,41.55395955365587,42.551918029785156,3772900,0.7,0
2020-08-31,DOW,42.496469317914354,42.60735278694913,41.66483448784874,41.69255447387695,3916800,0.0,0
2020-09-01,DOW,41.387629226037554,43.68848000194349,41.0919375883703,43.67924118041992,5428300,0.0,0
2020-09-02,DOW,44.05809525849798,45.53655341149901,43.817843605558885,45.48111343383789,7305900,0.0,0
2020-09-03,DOW,45.53654960363645,46.01704934441195,44.279858516211604,44.71415710449219,6726900,0.0,0
2020-09-04,DOW,45.545791000890944,45.924646083337215,44.42770691914973,44.908203125,5325900,0.0,0
2020-09-08,DOW,44.0673339767771,44.73726307963502,43.83170702242368,44.28910446166992,4280800,0.0,0
2020-09-09,DOW,44.880484433297546,46.09097437793412,44.8158021143016,45.49034881591797,4168100,0.0,0
2020-09-10,DOW,45.55503123703407,45.97084866359877,44.96364801921852,45.0006103515625,4211300,0.0,0
2020-09-11,DOW,45.47186827079497,46.58995240004837,45.31478364392294,46.06325149536133,6225700,0.0,0
2020-09-14,DOW,46.26654538207996,46.673120507998895,45.920031409161496,46.28502655029297,5298900,0.0,0
2020-09-15,DOW,46.76552598457159,47.643362080774295,46.56223666073536,47.190582275390625,4771700,0.0,0
2020-09-16,DOW,46.377428378839284,47.21830213661721,45.67516161874045,45.924652099609375,5863500,0.0,0
2020-09-17,DOW,45.619713481778284,47.35690432496998,45.13921373685624,47.098175048828125,5253700,0.0,0
2020-09-18,DOW,46.69160039435947,47.33842716436737,46.432871096325236,46.54375457763672,6271100,0.0,0
2020-09-21,DOW,45.314785279755164,45.58275691459853,43.59607551823867,44.27062225341797,6468800,0.0,0
2020-09-22,DOW,44.335306631015136,44.49701244404757,43.61455870725781,44.16897964477539,4181900,0.0,0
2020-09-23,DOW,44.0580964641055,44.46467158607575,42.940012234995535,43.18950271606445,4018000,0.0,0
2020-09-24,DOW,43.12481922316505,43.42051440294492,42.21926308954926,42.88457107543945,4648700,0.0,0
2020-09-25,DOW,42.293184542615066,42.87532898590451,42.16381989408904,42.54267501831055,4090200,0.0,0
2020-09-28,DOW,42.96773487564513,44.61252015796341,42.96773487564513,43.873291015625,3993100,0.0,0
2020-09-29,DOW,43.642277912952686,44.15049768403786,42.74596067263656,43.032413482666016,2716800,0.0,0
2020-09-30,DOW,43.60531680016679,44.4646717294227,43.06937702515651,43.4759521484375,4663200,0.0,0
2020-10-01,DOW,43.623800468769566,43.891772134095994,42.44103384239442,42.60736083984375,3407600,0.0,0
2020-10-02,DOW,41.92356367617023,43.86404376759708,41.70179673852951,43.7161979675293,4559000,0.0,0
2020-10-05,DOW,44.261382972653486,45.169709587984535,44.07657482899396,44.88972854614258,3913400,0.0,0
2020-10-06,DOW,45.38870888291331,46.00781567541748,44.22442349503422,44.24290466308594,4474700,0.0,0
2020-10-07,DOW,44.76960369608625,45.333266960271374,44.353786245054415,44.63099670410156,4506400,0.0,0
2020-10-08,DOW,44.9266931391219,45.65668346185403,44.7936343604876,45.628963470458984,2962000,0.0,0
2020-10-09,DOW,46.017052552702054,46.28502419074623,45.00061302726021,45.610477447509766,4472800,0.0,0
2020-10-12,DOW,45.64743876271668,45.73984107208537,44.59588398546537,44.88972854614258,3005700,0.0,0
2020-10-13,DOW,44.79732560494791,45.259344231473676,44.16897999087907,44.24290466308594,6832200,0.0,0
2020-10-14,DOW,44.20593685030462,45.25009980386967,43.81783941914476,45.12073516845703,5322100,0.0,0
2020-10-15,DOW,44.242907781724185,45.34713209496265,44.20594544301532,45.28706741333008,2793200,0.0,0
2020-10-16,DOW,45.61971696142028,46.197240228946086,45.39795000064685,45.55503463745117,2754300,0.0,0
2020-10-19,DOW,45.58275411787647,46.50679126415488,45.03757206057533,45.129974365234375,2903500,0.0,0
2020-10-20,DOW,45.60123787569147,46.340470511810345,45.471873221847396,45.59199905395508,2503600,0.0,0
2020-10-21,DOW,45.62895973961072,45.93851136795362,44.86200714111328,44.86200714111328,4092500,0.0,0
2020-10-22,DOW,46.02629824573463,46.34970988418697,43.568359218729356,45.11149978637695,5244000,0.0,0
2020-10-23,DOW,45.75832721953787,46.15566353793142,44.732645259262554,44.843528747558594,3123400,0.0,0
2020-10-26,DOW,44.29834227221582,44.48315041792277,43.260651002303476,43.568355560302734,4026400,0.0,0
2020-10-27,DOW,43.355825102923234,43.605315577802635,42.86608649941308,43.032413482666016,4141200,0.0,0
2020-10-28,DOW,41.5262306190262,42.22850086701197,40.962570886332024,41.74800109863281,6157100,0.0,0
2020-10-29,DOW,41.23978542400322,43.11558000311205,41.18434191738331,42.736724853515625,4300100,0.0,0
2020-10-30,DOW,42.37634712733455,42.681277574486295,41.33218409027821,42.034454345703125,5165900,0.0,0
2020-11-02,DOW,42.73671993548679,44.409228514366454,42.39482716298109,44.18745803833008,3675800,0.0,0
2020-11-03,DOW,44.58479810638207,45.30554604624063,44.03961597817759,45.02833557128906,3293500,0.0,0
2020-11-04,DOW,44.30758757516628,44.66796154463794,42.73857057855849,42.921531677246094,4542300,0.0,0
2020-11-05,DOW,43.33734992045323,45.69364428373599,43.31886875182906,45.25010681152344,4253000,0.0,0
2020-11-06,DOW,45.4903519172585,46.03553401805119,44.38243007791379,44.566314697265625,3061500,0.0,0
2020-11-09,DOW,47.67108139763666,50.06433799249471,47.624880240577475,48.16082000732422,9208300,0.0,0
2020-11-10,DOW,48.354872994806826,49.62080309295935,48.11462132586188,49.39903259277344,6148700,0.0,0
2020-11-11,DOW,49.435993126968995,49.53301661572283,48.068418412989324,48.24398422241211,4118500,0.0,0
2020-11-12,DOW,47.809687633673875,48.11461808535468,46.70084225726983,47.16286087036133,3467600,0.0,0
2020-11-13,DOW,46.451352773877645,48.1700626152205,46.38667044865914,48.022216796875,3482900,0.0,0
2020-11-16,DOW,49.48219689944503,49.84257088383702,48.17930444245415,49.83333206176758,4075600,0.0,0
2020-11-17,DOW,49.12182003257603,50.41547359158565,48.81688957326179,50.341548919677734,4795000,0.0,0
2020-11-18,DOW,50.498640104534076,52.000200724454814,50.38775309004183,51.09926223754883,5903500,0.0,0
2020-11-19,DOW,50.73888652988979,51.27482984030302,49.82408807846538,51.13622283935547,3514000,0.0,0
2020-11-20,DOW,50.88673216944026,51.21014380392383,50.156741880265976,50.57255935668945,2871700,0.0,0
2020-11-23,DOW,51.08077885693379,52.014058468096536,51.08077885693379,51.690643310546875,4560700,0.0,0
2020-11-24,DOW,52.670122581098326,53.76048680424468,52.309748622162594,53.344669342041016,4442800,0.0,0
2020-11-25,DOW,53.085939570726175,53.085939570726175,51.898551871122926,52.1434211730957,4158500,0.0,0
2020-11-27,DOW,52.31183241709085,52.44282194722448,51.46975176737891,51.83465576171875,2847400,0.7,0
2020-11-30,DOW,51.35747985836505,51.46040123190042,49.401984468784946,49.59846878051758,8760600,0.0,0
2020-12-01,DOW,50.9270874815501,50.9270874815501,49.49555374568666,50.08500671386719,4328700,0.0,0
2020-12-02,DOW,49.88852136082729,50.117753065941116,49.29906483562289,49.7762451171875,3723000,0.0,0
2020-12-03,DOW,49.579757816978145,50.42089981776223,49.401983241941956,50.15049743652344,3213800,0.0,0
2020-12-04,DOW,50.34698692841375,51.553964544389444,50.3376284930077,51.50718307495117,3294500,0.0,0
2020-12-07,DOW,51.39491094519527,51.404265812152225,49.607831543817,49.78560256958008,3602700,0.0,0
2020-12-08,DOW,49.49554647659678,51.15163246115873,49.40197997770824,51.03935623168945,3161500,0.0,0
2020-12-09,DOW,51.40425965238651,52.162132276198314,50.852229768937775,51.14228057861328,3219100,0.0,0
2020-12-10,DOW,51.14228349493524,51.56332386550664,50.5621854117021,50.927085876464844,3402000,0.0,0
2020-12-11,DOW,50.796091066709515,50.94579389748402,50.12242654362571,50.52475357055664,2674800,0.0,0
2020-12-14,DOW,51.086144628922746,51.23584747826211,49.617184304406074,49.64525604248047,3121900,0.0,0
2020-12-15,DOW,50.38441016778838,50.66510612395666,49.729462454588656,50.646392822265625,2335500,0.0,0
2020-12-16,DOW,50.5528179863628,50.62767118079657,49.81366232191144,50.365692138671875,1948800,0.0,0
2020-12-17,DOW,50.71187923993619,50.83351389629269,50.13645690761601,50.365692138671875,2222300,0.0,0
2020-12-18,DOW,51.56332333003117,52.16213470898198,50.74931433484473,52.07792663574219,11536700,0.0,0
2020-12-21,DOW,50.57153627459431,51.647527850963236,50.27213060571197,51.53525161743164,4458800,0.0,0
2020-12-22,DOW,51.4697531850512,51.71302252131166,50.936436615276406,51.151634216308594,2268300,0.0,0
2020-12-23,DOW,51.47911423545933,52.180846975469635,51.207776719381336,51.22649002075195,2251600,0.0,0
2020-12-24,DOW,51.385547119295815,51.43045832821329,50.8381964451854,51.263916015625,1074700,0.0,0
2020-12-28,DOW,51.71302330636868,52.1808451163747,50.69317161778768,50.79609298706055,3668200,0.0,0
2020-12-29,DOW,50.99258433549001,51.291990049722216,50.38441447078217,50.833526611328125,2222000,0.0,0
2020-12-30,DOW,50.85223066188114,52.077925121351925,50.80544919348548,51.90015411376953,3790000,0.0,0
2020-12-31,DOW,51.90015830148456,52.4896112753866,51.563325991141944,51.928226470947266,2663500,0.0,0
2021-01-04,DOW,52.22762792436179,52.50925543341174,50.197282930025814,50.56218338012695,4852800,0.0,0
2021-01-05,DOW,50.65574367056425,52.55509902658374,50.52475413831422,52.20891189575195,3112800,0.0,0
2021-01-06,DOW,53.284902771503944,55.399455698867996,52.91064391058429,54.669654846191406,6208400,0.0,0
2021-01-07,DOW,55.20297378186073,55.92341980019884,54.36557231059494,54.7445068359375,4437600,0.0,0
2021-01-08,DOW,54.61352044202853,55.07198741433057,54.03342236150539,54.46381759643555,4063500,0.0,0
2021-01-11,DOW,53.98663689490106,55.15619140488939,53.56559655746583,55.071983337402344,3455900,0.0,0
2021-01-12,DOW,55.50238226534924,57.27074823205873,55.20297657623426,57.111690521240234,6235000,0.0,0
2021-01-13,DOW,56.84035157999516,57.364313307454275,55.82049986155328,56.16668701171875,3236300,0.0,0
2021-01-14,DOW,56.335103948120434,56.606441466301796,55.595944599639054,55.8111457824707,3578800,0.0,0
2021-01-15,DOW,54.84743322305782,55.03456267870023,53.45332609537673,53.621742248535156,6692900,0.0,0
2021-01-19,DOW,54.04277489551555,54.45446038002725,52.704807778444206,53.846290588378906,4919300,0.0,0
2021-01-20,DOW,54.145696473441554,54.85678763893368,53.54688511462538,54.8006477355957,3724400,0.0,0
2021-01-21,DOW,54.7445066242266,54.987775964125795,53.62173713582074,53.855648040771484,3442000,0.0,0
2021-01-22,DOW,53.32233425517105,54.06616925864971,53.21005444509336,53.79951095581055,2621500,0.0,0
2021-01-25,DOW,53.200699287905515,53.724657455279925,52.07792617765028,53.5468864440918,3682400,0.0,0
2021-01-26,DOW,54.1644103316258,54.50124261672347,52.11535202287803,52.15277862548828,3060300,0.0,0
2021-01-27,DOW,51.12356697256638,51.53525245083501,49.27099302794905,50.88965606689453,6283500,0.0,0
2021-01-28,DOW,50.65574638388744,51.32005251542234,49.58911319935034,50.88030242919922,5817000,0.0,0
2021-01-29,DOW,50.38440823580896,51.18438668333727,48.42891289904498,48.559906005859375,8895400,0.0,0
2021-02-01,DOW,49.01836944169087,49.439409791066545,48.02658947338063,49.355201721191406,4128300,0.0,0
2021-02-02,DOW,50.11307955626722,51.33877056054455,49.46748309708839,51.09550476074219,5229500,0.0,0
2021-02-03,DOW,50.81480941700504,51.82998195062639,50.561250066028,51.78787612915039,3984200,0.0,0
2021-02-04,DOW,51.9001557369135,52.742232901962474,51.2919859211581,52.71416473388672,4312200,0.0,0
2021-02-05,DOW,53.08842207323108,54.108273790691165,52.80772612392129,53.556243896484375,3732500,0.0,0
2021-02-08,DOW,54.03342333402821,54.51060004757016,53.52817488260913,53.65916442871094,2543200,0.0,0
2021-02-09,DOW,53.79951254772583,53.81354663210148,52.74223417132568,52.95743179321289,4209500,0.0,0
2021-02-10,DOW,53.33169279958174,54.622882150946936,52.84515762994851,53.95857238769531,3453000,0.0,0
2021-02-11,DOW,54.08956550848693,54.21119662399704,53.04164195733955,53.95857238769531,2326500,0.0,0
2021-02-12,DOW,53.85564683072884,54.519952929255844,53.74804624642234,54.407676696777344,1975100,0.0,0
2021-02-16,DOW,55.109410776187005,55.53512676831265,54.772578501117785,54.96906280517578,4072700,0.0,0
2021-02-17,DOW,54.81000579508404,55.11876633833359,53.90243032792534,54.772579193115234,3277800,0.0,0
2021-02-18,DOW,54.548022320675294,54.88953381235014,53.42524926307227,53.855648040771484,3112600,0.0,0
2021-02-19,DOW,54.03342223449921,56.634510509012465,54.03342223449921,56.50352096557617,4037100,0.0,0
2021-02-22,DOW,56.71871342932048,58.53386427829926,56.325744834715,58.45901107788086,5672600,0.0,0
2021-02-23,DOW,58.88941229011801,58.91748402774186,57.55144153409776,58.12218475341797,4147200,0.0,0
2021-02-24,DOW,58.009904317519855,59.86247825290474,57.956573373685465,59.59114074707031,4668600,0.0,0
2021-02-25,DOW,59.10865854319004,59.44639741546362,57.826773046150564,58.03963088989258,3260300,0.7,0
2021-02-26,DOW,57.566611549799084,57.75582053120433,55.62722761033296,56.109710693359375,6399700,0.0,0
2021-03-01,DOW,57.85042770527387,58.90999296483586,57.30172201174816,58.219383239746094,4083800,0.0,0
2021-03-02,DOW,58.85323095174469,60.58448833785931,58.465354146326966,59.34517288208008,7316000,0.0,0
2021-03-03,DOW,59.12758547618208,59.96956171594508,58.664023618149784,58.891075134277344,5390300,0.0,0
2021-03-04,DOW,58.71132792559592,59.241108775943765,56.847625297121546,57.89773178100586,6050400,0.0,0
2021-03-05,DOW,58.768083671311224,59.63844353097195,57.47200812007219,59.51545715332031,3883800,0.0,0
2021-03-08,DOW,59.7614293685339,60.80207339294674,59.13704223211394,60.01686096191406,4437600,0.0,0
2021-03-09,DOW,60.23445380425032,60.27229632612485,58.56942253924776,58.900535583496094,5823200,0.0,0
2021-03-10,DOW,59.24111175028598,60.981828079242995,59.004601399117156,60.63179016113281,4238500,0.0,0
2021-03-11,DOW,60.85883911251476,61.74811303451865,60.754773991154345,60.8493766784668,3651800,0.0,0
2021-03-12,DOW,61.18995155734186,61.53998943663398,60.433119239304155,60.86829376220703,2690800,0.0,0
2021-03-15,DOW,60.61286324617025,60.82099347822871,59.08027741528245,59.50599670410156,5353300,0.0,0
2021-03-16,DOW,59.30732745996832,60.38581756726812,58.522115062049046,59.77088928222656,6461600,0.0,0
2021-03-17,DOW,60.05470548620698,62.67524050333429,59.77089379815284,62.44819259643555,5138900,0.0,0
2021-03-18,DOW,62.495486536229684,63.64019565350505,61.14264717622744,61.2277946472168,4203500,0.0,0
2021-03-19,DOW,61.22779299902352,61.30347803392726,59.27894665658527,60.46149826049805,6445800,0.0,0
2021-03-22,DOW,60.35744079415995,60.35744079415995,59.03298499517742,60.08308792114258,4631100,0.0,0
2021-03-23,DOW,59.28841314706262,59.30544336477617,57.14090233249782,57.472015380859375,5523500,0.0,0
2021-03-24,DOW,58.27614898833887,59.99794405329923,58.08978015998627,58.69240951538086,4322600,0.0,0
2021-03-25,DOW,58.153165899143914,59.89388221609521,57.945035636715126,59.827659606933594,3921200,0.0,0
2021-03-26,DOW,59.96955871149498,60.67908970166196,59.68574703720044,60.53718566894531,4256300,0.0,0
2021-03-29,DOW,60.18714760307642,61.60621318805108,60.07362365546849,60.45204162597656,3193700,0.0,0
2021-03-30,DOW,60.28175727824835,61.294021255893036,60.05470576144757,61.12373352050781,2605100,0.0,0
2021-03-31,DOW,60.80207136150306,61.45484217017433,60.083081559198945,60.4898796081543,3643800,0.0,0
2021-04-01,DOW,60.49934454953879,61.22779681602483,60.0547039639127,61.1142692565918,3698900,0.0,0
2021-04-05,DOW,61.492685395833185,61.70081563970083,60.78315441049665,61.10480499267578,4077900,0.0,0
2021-04-06,DOW,60.77369379601533,61.86164278298333,60.66962867096571,61.1142692565918,3420300,0.0,0
2021-04-07,DOW,61.01020272019539,61.46430572970014,60.224990301018444,60.53718566894531,2374000,0.0,0
2021-04-08,DOW,60.414199292663476,60.57502458486344,59.24110646757529,59.78034973144531,3638900,0.0,0
2021-04-09,DOW,59.780348828880854,60.13038671049221,59.165424145277704,59.73304748535156,3721000,0.0,0
2021-04-12,DOW,60.16822652405253,60.688552137276396,59.8844148497512,60.34797668457031,3143800,0.0,0
2021-04-13,DOW,60.158765527342275,60.24390938744556,59.08027903860805,59.89387512207031,4471600,0.0,0
2021-04-14,DOW,60.15877216096004,61.28456011636591,59.94118307422755,60.77369689941406,4234400,0.0,0
2021-04-15,DOW,61.37915840925769,61.417000928286754,60.357435657501654,61.08588790893555,2632500,0.0,0
2021-04-16,DOW,61.74810991499529,61.97516501434117,60.79261343837226,61.18994903564453,3698800,0.0,0
2021-04-19,DOW,61.303481158030735,61.530529056590424,60.489881426797794,61.06697082519531,2566600,0.0,0
2021-04-20,DOW,60.54664490107522,60.5939498544932,58.91945266452322,59.10866165161133,4532200,0.0,0
2021-04-21,DOW,59.08974468379522,61.511608346070695,59.00933203132219,61.32240295410156,4283500,0.0,0
2021-04-22,DOW,60.54664630324971,60.5939512577632,57.443631835043796,57.64229965209961,12028900,0.0,0
2021-04-23,DOW,57.80312130777415,59.11812173077776,57.18819663531083,58.75862503051758,5682300,0.0,0
2021-04-26,DOW,58.99513936033438,59.43031751666021,58.58834128976764,58.843772888183594,4871600,0.0,0
2021-04-27,DOW,58.90999258142408,59.45869466251739,58.38967058468662,59.26948928833008,3781300,0.0,0
2021-04-28,DOW,59.62898110793726,60.60813730355561,59.31678936013261,59.89387512207031,5584300,0.0,0
2021-04-29,DOW,60.37635710163314,61.19941565315642,60.0121327792331,60.6034049987793,4366000,0.0,0
2021-04-30,DOW,60.02632252658182,60.27229168209108,58.938373564116425,59.12758255004883,4932300,0.0,0
2021-05-03,DOW,59.77089160287707,61.52580144831384,59.71412782380651,61.06697082519531,6327800,0.0,0
2021-05-04,DOW,60.783159336019175,62.694159768917686,60.35743998854713,62.6468620300293,7367200,0.0,0
2021-05-05,DOW,62.90229409504009,64.55313902643941,62.571181030529424,64.39704132080078,7467100,0.0,0
2021-05-06,DOW,64.34973102312823,65.36199500364675,63.5455972995295,65.314697265625,4670600,0.0,0
2021-05-07,DOW,64.66192640850794,65.57958769526007,64.12268311454429,65.314697265625,5174900,0.0,0
2021-05-10,DOW,65.98638231401424,66.79051599544339,64.95520073590777,65.02142333984375,5039000,0.0,0
2021-05-11,DOW,64.1794427796379,65.18225153525418,63.573976883054364,64.87005615234375,5693400,0.0,0
2021-05-12,DOW,65.04034155310323,65.37145457564725,63.763187198877716,63.952392578125,4886200,0.0,0
2021-05-13,DOW,63.81994592983027,64.89843244620718,63.68750072379959,64.406494140625,3068400,0.0,0
2021-05-14,DOW,64.80382847443362,66.26073292962054,64.68084570490593,66.06206512451172,4817200,0.0,0
2021-05-17,DOW,65.82555694901168,67.2446189327015,65.7214918261233,67.08379364013672,3607500,0.0,0
2021-05-18,DOW,67.16894133014156,67.52843447409151,65.75934162459829,65.77825927734375,3523800,0.0,0
2021-05-19,DOW,64.8038303009042,65.19171070589815,63.64019630364483,64.85113525390625,4398500,0.0,0
2021-05-20,DOW,64.76598760260157,65.0119603656303,64.19836425676193,64.5767822265625,3126500,0.0,0
2021-05-21,DOW,64.97412779879963,65.8444842102455,64.85114500730951,65.11603546142578,3855700,0.0,0
2021-05-24,DOW,65.83500784520646,66.232350660034,65.36672204066139,65.79717254638672,3420100,0.0,0
2021-05-25,DOW,65.71203291007761,66.64861184849387,65.23901222352272,65.314697265625,4419400,0.0,0
2021-05-26,DOW,65.11602489854752,65.8823160476109,64.52947668977806,65.81609344482422,6059200,0.0,0
2021-05-27,DOW,66.24613964829044,66.85775951453572,65.21402838984507,65.61540985107422,6256600,0.7,0
2021-05-28,DOW,66.01678445573283,66.10279008229405,64.70753179754587,65.38604736328125,3815200,0.0,0
2021-06-01,DOW,66.10279137772548,67.40248545029249,65.79698143659701,67.28781127929688,4139100,0.0,0
2021-06-02,DOW,67.20179254865367,67.20179254865367,65.80653435721803,65.89253997802734,4797800,0.0,0
2021-06-03,DOW,66.27480548925402,67.56494086418921,65.40611662133719,67.47893524169922,4322500,0.0,0
2021-06-04,DOW,67.85164931847729,67.98544071976217,66.78131081711369,67.24958801269531,3041900,0.0,0
2021-06-07,DOW,67.24958238661955,67.34514662367323,65.83520688853967,66.16968536376953,2803900,0.0,0
2021-06-08,DOW,65.95944494189354,66.62840923692934,65.28092932614736,66.30348205566406,3469400,0.0,0
2021-06-09,DOW,66.17924503679265,66.42771788998667,65.43383376829465,65.78742218017578,3379200,0.0,0
2021-06-10,DOW,66.88642678344743,67.05844532324753,64.93688576274083,64.97511291503906,4022000,0.0,0
2021-06-11,DOW,65.43383247908957,65.9594394265056,64.83176393479259,64.98467254638672,2726100,0.0,0
2021-06-14,DOW,64.82221939304051,65.15669790202266,63.67542655942147,63.99079513549805,3712800,0.0,0
2021-06-15,DOW,63.94301410165044,64.43517687899728,63.4938541399356,64.23926544189453,3255000,0.0,0
2021-06-16,DOW,64.0385760768777,64.14369892764527,62.30883199039212,62.68153762817383,5428800,0.0,0
2021-06-17,DOW,62.853553512580305,62.88222934518892,59.56609860858844,60.722442626953125,5696100,0.0,0
2021-06-18,DOW,59.776341140517964,60.25416961269723,59.13605273765787,59.23161697387695,8745300,0.0,0
2021-06-21,DOW,60.34018053595064,61.11330886246225,60.00570205448209,60.3115119934082,5260000,0.0,0
2021-06-22,DOW,60.64598839321516,60.990025474083524,59.900577148361634,60.6842155456543,4019100,0.0,0
2021-06-23,DOW,61.16204990650821,61.420074096474096,60.30195712148103,60.3497428894043,3254400,0.0,0
2021-06-24,DOW,60.951800413802836,60.99958617876294,59.97702986639763,60.3115119934082,4253700,0.0,0
2021-06-25,DOW,60.445304797260505,61.03781111207079,60.311513401549355,60.4835319519043,4259700,0.0,0
2021-06-28,DOW,60.493081344859405,60.493081344859405,59.41318802168143,60.11082077026367,2727000,0.0,0
2021-06-29,DOW,60.47397512476179,60.98047582488107,59.80501812646841,60.187278747558594,2652900,0.0,0
2021-06-30,DOW,60.06303952892171,60.79889583846467,59.96747528946608,60.47397232055664,3356500,0.0,0
2021-07-01,DOW,61.372289707391026,61.563418178502864,60.60776124077603,60.6842155456543,3324700,0.0,0
2021-07-02,DOW,60.52176026888554,60.94224804141647,60.015259573983116,60.69377517700195,3172800,0.0,0
2021-07-06,DOW,60.58865093219753,60.63643304967747,58.68211272853369,59.183834075927734,3727000,0.0,0
2021-07-07,DOW,58.96403630255453,59.71900619049958,58.38490913600668,59.489646911621094,3424300,0.0,0
2021-07-08,DOW,58.29507804661907,59.26984864158498,57.96059954883076,58.68689727783203,4251300,0.0,0
2021-07-09,DOW,59.470533916459026,60.846678666568295,59.3462974872867,60.28284454345703,5063200,0.0,0
2021-07-12,DOW,59.78590016414832,60.77978062252977,59.226838077227676,60.41663360595703,3100400,0.0,0
2021-07-13,DOW,60.607763535409504,60.86579135582981,59.556542322327104,59.91969299316406,3074500,0.0,0
2021-07-14,DOW,60.14904388454484,60.82278374790731,59.41318763516938,59.55653762817383,2571700,0.0,0
2021-07-15,DOW,59.05959959339403,59.93880589517138,58.95447674416111,59.16472244262695,2745800,0.0,0
2021-07-16,DOW,58.581774565319634,58.98315240918527,57.148289036092194,57.348976135253906,6961300,0.0,0
2021-07-19,DOW,55.56189163458579,55.886815126710815,54.52500477204778,55.227413177490234,7815400,0.0,0
2021-07-20,DOW,55.561895899154955,56.56533499300086,55.07259853675551,56.02061080932617,6771700,0.0,0
2021-07-21,DOW,56.88070329208867,57.38720031961721,56.43632265521524,57.081390380859375,7428300,0.0,0
2021-07-22,DOW,55.96327419400349,58.18995306700582,55.42810497153831,57.798133850097656,7111300,0.0,0
2021-07-23,DOW,58.142171092488525,58.56265885334343,57.14828695351284,57.444541931152344,4690500,0.0,0
2021-07-26,DOW,57.53054771955453,59.28895661059914,57.53054771955453,59.260284423828125,6534300,0.0,0
2021-07-27,DOW,58.78246191510982,59.65210966072733,58.16128703712145,59.20295333862305,3568500,0.0,0
2021-07-28,DOW,59.08827185336751,59.537428147626315,58.35241555338103,59.126495361328125,4113600,0.0,0
2021-07-29,DOW,59.6712184169759,60.139491924720176,59.26028563840702,59.82412338256836,3708600,0.0,0
2021-07-30,DOW,59.719005481393516,60.42141028999525,58.93058775438436,59.40363693237305,4646800,0.0,0
2021-08-02,DOW,59.537433027758865,60.77023148770281,58.476653127134654,58.50532531738281,3714500,0.0,0
2021-08-03,DOW,58.43842385499544,59.5087586164905,57.487542566512765,59.47053146362305,4819700,0.0,0
2021-08-04,DOW,59.00226135458015,59.441862674098566,58.27596003529222,58.285518646240234,3340100,0.0,0
2021-08-05,DOW,58.5722196885918,59.05960316523469,58.19951403371037,58.29507827758789,3037100,0.0,0
2021-08-06,DOW,58.87803057579027,59.60432831916771,58.820689841230624,59.250736236572266,3142800,0.0,0
2021-08-09,DOW,58.9831520349509,59.46575620193839,58.63911492683239,59.07871627807617,3178100,0.0,0
2021-08-10,DOW,59.26984283764453,60.75111034007886,59.19338853389837,60.32106399536133,3560000,0.0,0
2021-08-11,DOW,60.607764755505244,61.44874757576827,60.41663627330959,61.39140319824219,3583600,0.0,0
2021-08-12,DOW,61.50608263485361,61.754555486385215,60.49595398466603,61.17160415649414,3581400,0.0,0
2021-08-13,DOW,61.133381583777684,61.257614373310155,60.54087159837029,60.86579513549805,2385600,0.0,0
2021-08-16,DOW,60.39751777807012,60.775002697091146,59.384520135423486,60.5121955871582,3163400,0.0,0
2021-08-17,DOW,59.910136478923924,60.086934337680475,58.42886884662632,59.54698944091797,3974300,0.0,0
2021-08-18,DOW,59.16471971897973,60.04392598028283,58.97358760604064,59.136051177978516,4574000,0.0,0
2021-08-19,DOW,58.33330189726266,58.66778037610052,57.48276778346753,57.865028381347656,3981600,0.0,0
2021-08-20,DOW,57.731237938026226,58.400198552231366,57.64522866412067,58.1899528503418,3203600,0.0,0
2021-08-23,DOW,58.7729019365274,59.65210457336004,58.73467478391504,59.30807113647461,3439900,0.0,0
2021-08-24,DOW,59.690332043948395,60.71288468575364,59.690332043948395,60.454856872558594,2896000,0.0,0
2021-08-25,DOW,60.49309086418136,61.33407009349712,60.03437591515704,61.03781509399414,3246700,0.0,0
2021-08-26,DOW,61.00914539354807,61.697215981282994,60.65555331057718,60.827571868896484,3618500,0.0,0
2021-08-27,DOW,61.34362712597303,62.93479695681617,61.27673142547593,62.48085403442383,5348700,0.0,0
2021-08-30,DOW,62.78997318920082,63.10682388398632,61.77567435929755,61.80465316772461,3925000,0.7,0
2021-08-31,DOW,61.53417435896864,61.70805457923072,60.55851271360969,60.761375427246094,5450000,0.0,0
2021-09-01,DOW,60.69375695026582,60.85797511431587,59.70843691097737,60.41361618041992,3949200,0.0,0
2021-09-02,DOW,60.626133672916104,61.20573564772172,60.29769365935841,60.49089431762695,3414600,0.0,0
2021-09-03,DOW,60.326674237410785,60.68892407828595,59.573192062593186,60.00789260864258,3690400,0.0,0
2021-09-07,DOW,59.87265611684482,60.18177570102052,59.54421609803364,59.766395568847656,2514300,0.0,0
2021-09-08,DOW,59.72775707491389,59.998235783887765,58.452634211903806,58.62651443481445,4629000,0.0,0
2021-09-09,DOW,58.20147468301561,59.10951296143009,58.02759446385174,58.23045349121094,4439100,0.0,0
2021-09-10,DOW,58.781075647864554,59.35101557343859,58.28841746101059,58.35603713989258,4093300,0.0,0
2021-09-13,DOW,59.186793713003304,59.495913278602806,58.16766387845012,58.655494689941406,4549200,0.0,0
2021-09-14,DOW,59.15781522499841,59.215772840739106,57.49822572503387,57.62187576293945,4493600,0.0,0
2021-09-15,DOW,57.71847859292676,58.6071964945134,57.64119685279078,58.15317916870117,5167600,0.0,0
2021-09-16,DOW,58.095212159789625,58.26909237302777,57.06159293942723,57.447994232177734,4650700,0.0,0
2021-09-17,DOW,56.80077496435024,57.15819377965169,55.51599743016048,55.786476135253906,9622900,0.0,0
2021-09-20,DOW,54.34713736789027,55.18755969617958,53.429440670671674,54.269859313964844,7683900,0.0,0
2021-09-21,DOW,54.665921114125084,54.92674146551382,53.33284054647031,53.64196014404297,6156400,0.0,0
2021-09-22,DOW,54.34713565153494,55.04265653987892,54.342308306751896,54.38577651977539,6823800,0.0,0
2021-09-23,DOW,54.83979638412684,56.071443632807934,54.6755745399718,55.47735595703125,7814100,0.0,0
2021-09-24,DOW,55.25517628592511,55.390415636480476,54.810817366958645,54.87843704223633,7964900,0.0,0
2021-09-27,DOW,54.946058312333165,58.327056914335095,54.946058312333165,57.66051483154297,12374000,0.0,0
2021-09-28,DOW,58.10487750210938,58.5830462730356,57.1292158410321,57.43833541870117,6681800,0.0,0
2021-09-29,DOW,57.438334204525184,57.5735735562721,56.77179582020281,56.82009506225586,4578800,0.0,0
2021-09-30,DOW,56.916699901934386,57.15819982416255,55.59328135992306,55.602943420410156,4929000,0.0,0
2021-10-01,DOW,55.709197441094574,57.00363710542274,55.30347936130327,56.588260650634766,6925300,0.0,0
2021-10-04,DOW,56.58825904627941,56.99397711456805,55.71885792138079,56.25981903076172,5652900,0.0,0
2021-10-05,DOW,56.27913634219878,57.42384722058013,56.12457655011742,57.090576171875,5646200,0.0,0
2021-10-06,DOW,56.375741637590714,56.57860068499554,54.385780979962874,55.2165412902832,8699100,0.0,0
2021-10-07,DOW,55.92171499084131,57.44799609315287,55.82511650702238,56.520633697509766,7235900,0.0,0
2021-10-08,DOW,56.810438842688086,57.27411821697764,56.41437914683684,56.713836669921875,4260200,0.0,0
2021-10-11,DOW,57.23547643918348,57.747455049229764,56.23083596834138,56.25015640258789,4139000,0.0,0
2021-10-12,DOW,56.04729985793777,56.38539825976674,55.54497960022317,55.77682113647461,5443800,0.0,0
2021-10-13,DOW,55.95069458739852,56.076275566129475,54.72387834862785,54.97503662109375,7689800,0.0,0
2021-10-14,DOW,55.47735614922008,56.78145410763451,55.19721538674719,56.74281692504883,6430400,0.0,0
2021-10-15,DOW,57.44799555355533,57.699153820123044,56.839414793223696,56.9553337097168,4288200,0.0,0
2021-10-18,DOW,55.738179177987156,57.37071721993741,55.64157700435345,56.9456787109375,4660100,0.0,0
2021-10-19,DOW,57.08091844797699,57.25479867667588,56.54961938695088,57.17751693725586,3650600,0.0,0
2021-10-20,DOW,57.14853474131597,58.547303924970265,56.936982809431385,57.85371398925781,5875300,0.0,0
2021-10-21,DOW,58.027597285268556,59.090195400717,55.98933748318467,57.24513626098633,8916600,0.0,0
2021-10-22,DOW,57.61221268593873,58.143511702486606,56.39505487193821,56.41437530517578,5889500,0.0,0
2021-10-25,DOW,57.22581897309258,57.5107870915117,56.61723818215175,56.713836669921875,6293200,0.0,0
2021-10-26,DOW,56.71383666992187,57.72813553149252,56.20185805174726,56.713836669921875,6875200,0.0,0
2021-10-27,DOW,56.588258528441656,56.588258528441656,53.999379296874395,54.095977783203125,11512700,0.0,0
2021-10-28,DOW,54.33747543576358,54.92673575897743,54.29883456883247,54.6465950012207,5974400,0.0,0
2021-10-29,DOW,54.221557313065475,54.72387753552971,53.76753633247366,54.06699752807617,5894900,0.0,0
2021-11-01,DOW,54.10563507078365,56.00865543019301,54.10563507078365,55.48701477050781,7562000,0.0,0
2021-11-02,DOW,55.68021323699799,56.74281494850307,55.293815629629094,56.48199462890625,5929500,0.0,0
2021-11-03,DOW,56.50131706857086,57.559084103116476,56.11491576248377,57.042274475097656,6234300,0.0,0
2021-11-04,DOW,56.993977355497236,57.008466760140784,54.86394643298943,55.2261962890625,9047900,0.0,0
2021-11-05,DOW,55.29381907083456,56.74764582471989,55.29381907083456,56.32743835449219,4979100,0.0,0
2021-11-08,DOW,56.926358478787556,57.65085820113595,56.31294665026807,56.57859802246094,4894100,0.0,0
2021-11-09,DOW,56.54961871649606,57.10989658066392,56.40954832920507,56.79111862182617,4447800,0.0,0
2021-11-10,DOW,56.83941628836083,57.27411684288948,56.50131790428078,56.76213455200195,5103900,0.0,0
2021-11-11,DOW,57.07125773613384,57.94065515903269,57.01329643394218,57.650856018066406,4140400,0.0,0
2021-11-12,DOW,57.757116375023024,58.49127444208229,57.43833474149998,58.01793670654297,3499400,0.0,0
2021-11-15,DOW,58.442975781000726,58.75209535810055,57.7474548900281,57.882694244384766,3470400,0.0,0
2021-11-16,DOW,57.93099810812768,57.950318542633006,56.83941751105131,56.85873794555664,4004700,0.0,0
2021-11-17,DOW,56.68485863149884,56.97465778374654,56.19219675618122,56.35641860961914,3342400,0.0,0
2021-11-18,DOW,56.36607436307863,56.38539479699609,55.70919434986914,56.0086555480957,3801500,0.0,0
2021-11-19,DOW,55.496679555390436,55.56429923478199,54.124958162741336,55.390419006347656,7424300,0.0,0
2021-11-22,DOW,55.60293952980159,57.274118432486375,55.45803811260508,56.79111862182617,5309200,0.0,0
2021-11-23,DOW,57.32241791643752,57.68949880587436,56.82975972890071,57.1678581237793,5279400,0.0,0
2021-11-24,DOW,56.8973788713027,57.35139618514429,56.59791766366566,56.636558532714844,3307100,0.0,0
2021-11-26,DOW,54.71421238733885,55.8057928800123,54.07665284962605,55.641571044921875,4317500,0.0,0
2021-11-29,DOW,56.61946262019282,57.08884630625736,55.13307908249014,55.60246276855469,4564300,0.7,0
2021-11-30,DOW,55.01572832698032,55.240644832079276,53.20664520408555,53.715145111083984,10398200,0.0,0
2021-12-01,DOW,54.262761279186016,54.56590280036623,51.53446520658525,51.593135833740234,9113300,0.0,0
2021-12-02,DOW,51.33888789739598,52.29232289478712,50.918397660000444,52.003849029541016,7333300,0.0,0
2021-12-03,DOW,51.827834452344746,52.62969876242631,51.563805414098844,51.89628601074219,6969100,0.0,0
2021-12-06,DOW,53.15775728303359,53.507837580286704,52.649257323311296,52.68837356567383,6066400,0.0,0
2021-12-07,DOW,53.2457658480532,54.15519794711961,53.06974649143841,53.646697998046875,5806900,0.0,0
2021-12-08,DOW,54.086745924308424,54.25298435394229,53.56846505414327,53.69559097290039,5013700,0.0,0
2021-12-09,DOW,53.04040771198108,53.372888282728496,52.53679452823892,53.18708801269531,5607700,0.0,0
2021-12-10,DOW,53.93028291535172,54.037846979636186,53.08441194615368,53.47067642211914,3628600,0.0,0
2021-12-13,DOW,53.25553754151629,53.4413378044872,51.89334795695088,52.140750885009766,5398800,0.0,0
2021-12-14,DOW,52.072305804619674,53.29466040097225,51.96278331026875,52.68837356567383,4048700,0.0,0
2021-12-15,DOW,52.60036246137196,52.87416868983599,51.69093036788204,52.84483337402344,4955200,0.0,0
2021-12-16,DOW,53.22620618435074,54.13563825705437,53.06974495304312,53.3924446105957,5605900,0.0,0
2021-12-17,DOW,53.32399368148467,53.45601006183482,52.19942973397816,52.90350341796875,10400000,0.0,0
2021-12-20,DOW,51.92561740527008,52.40478200819201,51.30955342622316,52.3265495300293,6251000,0.0,0
2021-12-21,DOW,52.97195413702007,53.59780279004037,52.70792884115321,53.00129318237305,4422000,0.0,0
2021-12-22,DOW,52.92306040941586,53.17731223931003,52.45367671999197,53.0306282043457,3729600,0.0,0
2021-12-23,DOW,53.294656794851754,54.4710499133456,53.14797276108257,53.920501708984375,6240200,0.0,0
2021-12-27,DOW,54.086745006113865,54.65391557266396,53.94983816421418,54.63435745239258,3249000,0.0,0
2021-12-28,DOW,54.77125771192124,55.7393640981286,54.67347084598627,55.37754821777344,4748100,0.0,0
2021-12-29,DOW,55.416664541169,55.84693573369689,55.3091004733671,55.79804229736328,3580900,0.0,0
2021-12-30,DOW,55.93494401873503,56.5510117461257,55.47044705930421,55.52423095703125,3678700,0.0,0
2021-12-31,DOW,55.5829059046712,55.73056728836676,55.04995738438016,55.46556091308594,3093900,0.0,0
2022-01-03,DOW,55.93494321939714,56.61946249223466,55.53401108864416,55.612239837646484,5231900,0.0,0
2022-01-04,DOW,55.98383452638682,57.40176645259707,55.83715049837791,57.11817932128906,9068000,0.0,0
2022-01-05,DOW,57.48978046918635,58.27208664026824,57.02528349893173,57.05950927734375,6706300,0.0,0
2022-01-06,DOW,57.19641334358368,57.55822923070062,55.974058844903595,56.951942443847656,5820800,0.0,0
2022-01-07,DOW,57.33331640442617,58.1987417474498,57.13773893872883,57.79291915893555,4633100,0.0,0
2022-01-10,DOW,57.53866968212834,57.98849523119217,56.70257967343477,57.108402252197266,5544300,0.0,0
2022-01-11,DOW,57.74402886598868,58.15474193932617,57.11818392597927,57.87115478515625,5720400,0.0,0
2022-01-12,DOW,58.198740323205115,58.80991755709634,57.587563089313896,57.949378967285156,3742400,0.0,0
2022-01-13,DOW,57.988496827680855,58.89499683627525,57.89755511502315,58.614341735839844,4482600,0.0,0
2022-01-14,DOW,58.38942956490806,59.48466189595429,57.97872023851318,59.39665222167969,6795300,0.0,0
2022-01-18,DOW,59.416207567295864,59.796604238719226,58.252527393455566,58.868595123291016,4796900,0.0,0
2022-01-19,DOW,59.4162069231474,59.57266815264254,58.076507412449615,58.51655578613281,4351100,0.0,0
2022-01-20,DOW,58.575229049277354,58.72190935087194,56.492335939731234,56.53145217895508,5765700,0.0,0
2022-01-21,DOW,56.40432830642812,56.492337982699574,55.28954156054302,55.46556091308594,6189500,0.0,0
2022-01-24,DOW,54.46811622966105,55.563344796328956,53.39244205193075,55.367767333984375,8872700,0.0,0
2022-01-25,DOW,54.65391169473155,56.18918858896553,53.430579895581765,55.915382385253906,5644100,0.0,0
2022-01-26,DOW,56.15985677127818,56.96172104376834,55.397108738989964,55.95450210571289,6126000,0.0,0
2022-01-27,DOW,57.440886085684284,59.93448859690573,57.440886085684284,58.849037170410156,11664200,0.0,0
2022-01-28,DOW,59.36731171343875,59.74868571578545,57.76358322647836,58.71213150024414,6971900,0.0,0
2022-01-31,DOW,58.18407616468175,58.72191141677667,56.99105693869191,58.40898895263672,8056100,0.0,0
2022-02-01,DOW,58.477441136889745,60.61900870362662,58.379654264669,60.442989349365234,6659400,0.0,0
2022-02-02,DOW,60.34519622948092,61.10794797623834,59.76824475465423,60.296302795410156,5463400,0.0,0
2022-02-03,DOW,60.139845551187925,61.06394531854806,59.802474492195124,59.856258392333984,5363800,0.0,0
2022-02-04,DOW,59.84647896836163,60.35497890416453,59.20107592105988,59.25974655151367,4995100,0.0,0
2022-02-07,DOW,59.582448440097025,59.748686862637044,58.408987366277806,58.58500671386719,6214400,0.0,0
2022-02-08,DOW,59.04461419803561,59.817139425113,59.04461419803561,59.73891067504883,5595500,0.0,0
2022-02-09,DOW,60.13006530168096,60.853697089890005,59.89537159205669,60.6190071105957,5515900,0.0,0
2022-02-10,DOW,60.52121810158502,61.078611479974086,59.36731510378623,59.60200881958008,6537200,0.0,0
2022-02-11,DOW,59.455323529114985,60.54077494743901,59.015275152722815,59.73891067504883,6042100,0.0,0
2022-02-14,DOW,59.748690222895085,60.01271925912811,58.79525514510649,59.48466491699219,4472000,0.0,0
2022-02-15,DOW,59.47487869686155,60.6385588074843,59.36731090682427,60.491878509521484,4076800,0.0,0
2022-02-16,DOW,60.28652574261895,61.5186574436195,60.257186697843515,60.70701599121094,5613600,0.0,0
2022-02-17,DOW,60.002938945306475,60.731461190735835,59.28419389463828,59.817138671875,3927800,0.0,0
2022-02-18,DOW,59.4064307145144,59.96382408698961,58.85881453702558,59.249969482421875,5078900,0.0,0
2022-02-22,DOW,59.57266786810466,59.69001658741299,58.61434237573293,58.96638107299805,5664000,0.0,0
2022-02-23,DOW,59.52377744455926,59.83669991788406,58.55078424563775,58.64368438720703,5155100,0.0,0
2022-02-24,DOW,57.587567929322816,57.665800412394326,56.247868364529104,57.421329498291016,8108500,0.0,0
2022-02-25,DOW,57.81719608588641,59.524399076423826,57.71822943803016,59.034507751464844,5445200,0.7,0
2022-02-28,DOW,57.718231717750555,58.569358514139815,57.411429056741284,58.351627349853516,6438200,0.0,0
2022-03-01,DOW,58.50997639726433,58.693068856335415,55.68938528654409,56.54051208496094,7668100,0.0,0
2022-03-02,DOW,56.956177089081194,59.173065602894326,56.91658891777443,58.58915328979492,6499800,0.0,0
2022-03-03,DOW,58.678222116590725,59.32151288203248,58.1338979995752,59.054298400878906,4514800,0.0,0
2022-03-04,DOW,57.797405674541146,58.26750291403179,57.23328747701813,58.22296905517578,5869500,0.0,0
2022-03-07,DOW,58.14379587974531,58.500081871317484,57.050198129430406,57.38174057006836,6987800,0.0,0
2022-03-08,DOW,57.510397617483434,58.608944782970745,57.02545197876596,57.24318313598633,6583400,0.0,0
2022-03-09,DOW,58.63863637074035,60.2716125646168,58.331833707401245,59.182960510253906,7484700,0.0,0
2022-03-10,DOW,58.628741482880656,60.41016766365278,58.61884255238238,60.004398345947266,5421000,0.0,0
2022-03-11,DOW,60.42995933356982,61.84520431138216,60.241917414977905,60.2815055847168,6140000,0.0,0
2022-03-14,DOW,60.73675783985856,61.3899475352194,59.153268813327934,59.65800476074219,5836200,0.0,0
2022-03-15,DOW,59.25223575908329,59.64316044032451,57.02545218072353,58.26255416870117,8354400,0.0,0
2022-03-16,DOW,58.54956190843188,59.52934833020922,58.11410337393952,59.02460861206055,6154800,0.0,0
2022-03-17,DOW,58.7672956700361,62.23118134105828,58.52977042001827,62.191593170166016,9420600,0.0,0
2022-03-18,DOW,61.587885987597055,62.77550467177821,61.16727205943632,61.74623489379883,9510800,0.0,0
2022-03-21,DOW,62.468700727472466,63.062511944998626,61.884788440006346,62.686431884765625,4836500,0.0,0
2022-03-22,DOW,63.33962169127532,63.86415172529878,62.58746534483911,62.894264221191406,5136700,0.0,0
2022-03-23,DOW,62.745813379266615,63.18127191324388,62.369733323587944,62.64684295654297,2936100,0.0,0
2022-03-24,DOW,63.10209889020668,63.53755744706127,62.75571183081506,63.42869186401367,3611400,0.0,0
2022-03-25,DOW,63.428688048835994,64.0620911987741,63.181271432249424,64.03239440917969,3962900,0.0,0
2022-03-28,DOW,63.636528243444026,63.88394863700225,62.389527345722634,63.448486328125,3879300,0.0,0
2022-03-29,DOW,63.290138939929776,63.65632007405391,62.171797677223665,63.52766418457031,4225600,0.0,0
2022-03-30,DOW,63.81467406572924,64.2699267040342,63.36931280712309,63.59694290161133,3145900,0.0,0
2022-03-31,DOW,63.4880748252378,64.11652474231103,63.05261251411038,63.0625114440918,4302100,0.0,0
2022-04-01,DOW,63.62663062462866,64.26002624113602,62.78539900399459,63.517765045166016,3317100,0.0,0
2022-04-04,DOW,63.844362439359195,63.844362439359195,62.66663891344114,63.34952163696289,3650000,0.0,0
2022-04-05,DOW,63.33962058393527,63.97301618572093,62.755708305663696,62.83488464355469,3432500,0.0,0
2022-04-06,DOW,62.55777141951783,62.63694775764075,60.65758460859477,61.033660888671875,4977000,0.0,0
2022-04-07,DOW,61.16232032473199,61.16232032473199,59.410583491250875,60.61799621582031,4644800,0.0,0
2022-04-08,DOW,61.132631521102304,61.63736746469338,60.6872740559716,61.04356002807617,3913900,0.0,0
2022-04-11,DOW,60.71696453277961,61.97386061539611,60.519031233429864,61.31077575683594,2760400,0.0,0
2022-04-12,DOW,61.86499662537414,63.092203499692374,61.64726923542707,62.60725784301758,4137300,0.0,0
2022-04-13,DOW,62.834885767726135,63.56725180497822,62.56767128556668,63.49797439575195,3465600,0.0,0
2022-04-14,DOW,63.824565512084625,65.31898687135983,63.725598860292635,64.81424713134766,7000200,0.0,0
2022-04-18,DOW,64.81424299784018,65.79403317490828,64.62620863662869,65.2002182006836,4958900,0.0,0
2022-04-19,DOW,65.34867483655066,66.65505424645698,65.22991787698642,66.358154296875,5292500,0.0,0
2022-04-20,DOW,66.37794232795441,67.46659054039331,66.34825308908253,66.84309387207031,5021500,0.0,0
2022-04-21,DOW,68.28803065367917,71.1185206442477,68.17916507322104,68.79277038574219,10282500,0.0,0
2022-04-22,DOW,69.34698982163839,70.49502410877574,67.53587067072588,67.7931900024414,7439400,0.0,0
2022-04-25,DOW,66.7144440384371,67.63484072963975,64.85383769319692,67.36763000488281,7252100,0.0,0
2022-04-26,DOW,67.53586860217673,68.26823840457602,66.65505260398007,66.67485046386719,6612800,0.0,0
2022-04-27,DOW,67.417113099354,67.62494532862331,66.35914323064195,66.75402069091797,5412300,0.0,0
2022-04-28,DOW,67.33793587271869,67.33793587271869,65.42785011381925,67.11030578613281,5532300,0.0,0
2022-04-29,DOW,67.41711445204402,68.00596867145312,65.62578559124884,65.81382751464844,6499800,0.0,0
2022-05-02,DOW,66.45711725758734,66.61546237844011,65.1309400609244,66.3680419921875,7250100,0.0,0
2022-05-03,DOW,66.42742942707761,67.62494321583753,66.36804339866222,67.4468002319336,4599500,0.0,0
2022-05-04,DOW,68.10988540292337,70.04966037568187,67.72391019435092,69.88141632080078,5589800,0.0,0
2022-05-05,DOW,69.53503509429841,69.63400174952146,66.83320085774577,67.76350402832031,6530600,0.0,0
2022-05-06,DOW,67.36762739318057,67.66453489866385,65.96228130865899,67.22907257080078,5807800,0.0,0
2022-05-09,DOW,66.15031422361818,67.11030657942909,65.78413686568672,65.9424819946289,7266900,0.0,0
2022-05-10,DOW,66.73423019919176,67.14989465659625,64.60641326151922,65.13094329833984,7885500,0.0,0
2022-05-11,DOW,65.71486247158883,67.79319240752459,65.14084530765588,66.10083770751953,5683300,0.0,0
2022-05-12,DOW,65.84351921457734,66.69464604083925,64.98744669828864,66.34825897216797,6035700,0.0,0
2022-05-13,DOW,66.80350604343832,67.61504462964287,66.5659845805829,66.86288452148438,3924400,0.0,0
2022-05-16,DOW,66.61546442964575,67.88819801639265,65.99196775533217,67.27855682373047,4028300,0.0,0
2022-05-17,DOW,68.8917380004512,69.56571094036894,68.18906495808412,69.2480239868164,4502600,0.0,0
2022-05-18,DOW,68.6938001264259,69.65378488899178,67.78824060055824,68.19895935058594,4623900,0.0,0
2022-05-19,DOW,67.6051453566978,68.85214624403562,67.1004131945251,68.05050659179688,4988400,0.0,0
2022-05-20,DOW,68.16926277863688,69.01049814078154,66.18000828990624,67.40721130371094,5232200,0.0,0
2022-05-23,DOW,67.10041605212044,67.42700524429614,66.15031506371572,66.79360961914062,6582300,0.0,0
2022-05-24,DOW,66.50660083669922,66.69464275786682,64.79445588840031,66.37794494628906,4664400,0.0,0
2022-05-25,DOW,66.02165948362389,66.98165185614465,65.71486059987161,66.60557556152344,6264900,0.0,0
2022-05-26,DOW,66.47691449751484,67.58536066174203,66.21960270546619,67.13999938964844,5732800,0.0,0
2022-05-27,DOW,67.58999633789062,69.06999969482422,67.31999969482422,69.05999755859375,4784300,0.7,0
2022-05-31,DOW,68.63999938964844,68.75,67.61499786376953,67.9800033569336,7876000,0.0,0
2022-06-01,DOW,68.6500015258789,69.78800201416016,67.99500274658203,68.11000061035156,5958100,0.0,0
2022-06-02,DOW,68.43000030517578,68.97000122070312,67.0999984741211,68.0999984741211,4598700,0.0,0
2022-06-03,DOW,67.58999633789062,68.16000366210938,66.68000030517578,67.02999877929688,4966500,0.0,0
2022-06-06,DOW,67.04000091552734,67.61000061035156,66.66999816894531,67.06999969482422,3117300,0.0,0
2022-06-07,DOW,66.76000213623047,67.45999908447266,66.41999816894531,67.37000274658203,4873800,0.0,0
2022-06-08,DOW,67.05999755859375,67.80999755859375,66.8499984741211,67.23999786376953,3200900,0.0,0
2022-06-09,DOW,66.9000015258789,67.01499938964844,65.80999755859375,65.86000061035156,3113400,0.0,0
2022-06-10,DOW,65.01000213623047,65.08000183105469,61.86000061035156,61.869998931884766,6448900,0.0,0
