Date,Symbol,Open,High,Low,Close,Volume,Dividends,Stock Splits
2020-03-19,CARR,11.722455978393556,11.722455978393556,11.722455978393556,11.722455978393555,100,0.0,0
2020-03-20,CARR,12.699327431473078,12.699327431473078,11.722456090590534,12.455109596252441,2300,0.0,0
2020-03-23,CARR,12.455109479580585,12.455109479580585,11.23402031491582,11.27309513092041,18700,0.0,0
2020-03-24,CARR,12.601640167282802,12.601640167282802,11.234020636371396,11.429394721984863,96100,0.0,0
2020-03-25,CARR,11.527083268091197,13.138920783996582,11.527083268091197,13.138920783996582,19200,0.0,0
2020-03-26,CARR,13.676200344199275,15.092663764953613,13.676200344199275,15.092663764953613,76400,0.0,0
2020-03-27,CARR,14.653070985288442,15.629942384307673,14.213479042053223,14.213479042053223,486500,0.0,0
2020-03-30,CARR,14.897288209022381,16.118377406483233,14.897288209022381,15.532254219055176,210000,0.0,0
2020-03-31,CARR,16.01092403883661,16.85103416442871,14.22325011623521,16.85103416442871,461500,0.0,0
2020-04-01,CARR,15.629942432923906,15.629942432923906,14.223248023872307,14.70191478729248,2998900,0.0,0
2020-04-02,CARR,15.29780576514403,15.532254674340631,11.839681093834143,12.972851753234863,15966300,0.0,0
2020-04-03,CARR,13.431982871513354,16.60681518659833,13.070540535128519,16.52866554260254,66934300,0.0,0
2020-04-06,CARR,16.66542591495011,16.753344491869292,14.5065409696186,15.082894325256348,37138000,0.0,0
2020-04-07,CARR,14.84844456785498,15.434567759745718,14.213478552987624,14.89728832244873,23486000,0.0,0
2020-04-08,CARR,14.164635182128384,14.897288726031576,13.412443763211538,13.93018627166748,49372700,0.0,0
2020-04-09,CARR,13.676198656687113,15.141505655617875,13.57851115077822,14.43815803527832,34992600,0.0,0
2020-04-13,CARR,14.16463510402276,14.16463510402276,13.656661535874678,13.666430473327637,21497400,0.0,0
2020-04-14,CARR,13.676199169828907,13.871573257360179,13.461287207735941,13.549205780029297,22350000,0.0,0
2020-04-15,CARR,13.217069761043872,13.339178685858142,12.640715486861767,13.05100154876709,14990700,0.0,0
2020-04-16,CARR,12.8458580618402,12.943545570870985,11.97644314425817,12.591872215270996,21745200,0.0,0
2020-04-17,CARR,12.99238867826445,13.510130214458941,12.630946403440593,13.422211647033691,21336500,0.0,0
2020-04-20,CARR,13.187764582752962,14.399084957876955,13.163343169135489,14.115792274475098,20032200,0.0,0
2020-04-21,CARR,13.891112735283286,14.89729010091874,13.852037913266878,14.350241661071777,16235900,0.0,0
2020-04-22,CARR,14.604226744575294,14.809369768829193,13.89111109412235,14.447927474975586,12539500,0.0,0
2020-04-23,CARR,14.360009338286309,15.5517927025421,14.272090763566688,15.35641860961914,12226000,0.0,0
2020-04-24,CARR,15.239193793057012,16.284445864159967,14.936363257483475,15.874159812927246,17390000,0.0,0
2020-04-27,CARR,15.796009855595255,16.42120692540125,15.605520239840882,16.41143798828125,12186100,0.0,0
2020-04-28,CARR,16.489588045569263,17.339466964497287,16.225834189491305,16.606813430786133,12983800,0.0,0
2020-04-29,CARR,17.056176523676797,17.661837710005088,16.77288474048386,17.232013702392578,12523200,0.0,0
2020-04-30,CARR,16.82172537321557,17.42738648033647,16.59216185390048,17.300392150878906,19094100,0.0,0
2020-05-01,CARR,16.929180934784448,16.948718809553654,16.235603149586254,16.38213348388672,10727200,0.0,0
2020-05-04,CARR,15.776473062928877,16.13791630821101,15.327112172390825,16.02069091796875,9700300,0.0,0
2020-05-05,CARR,16.294215211875656,16.37236484916287,15.47364308874276,15.60063648223877,16298000,0.0,0
2020-05-06,CARR,15.62994206999653,15.991385300188286,15.073125681870389,15.913235664367676,10647200,0.0,0
2020-05-07,CARR,15.835083438120884,16.64588843447241,15.512716903877708,16.030458450317383,12454100,0.0,0
2020-05-08,CARR,16.64588820204887,17.974431931438545,16.543315297299102,17.93535804748535,17693300,0.0,0
2020-05-11,CARR,18.00374206806426,18.316340650379885,17.603224901568048,17.92559242248535,9574600,0.0,0
2020-05-12,CARR,17.964663730750615,17.974432667947745,17.28085489605985,17.388309478759766,7743200,0.0,0
2020-05-13,CARR,16.81195834825366,17.033709351009183,15.727632203324488,16.059768676757812,10676300,0.0,0
2020-05-14,CARR,15.649480415174274,16.32840574613035,15.356418806229152,16.167221069335938,7797200,0.0,0
2020-05-15,CARR,15.923003524154012,16.57262391784288,15.629942841175719,16.32352066040039,7353800,0.0,0
2020-05-18,CARR,16.899876586643757,17.310162700445613,16.8901095110694,17.144094467163086,6135000,0.0,0
2020-05-19,CARR,17.036637491552323,17.50553530960123,16.753343895293003,17.359004974365234,8338100,0.0,0
2020-05-20,CARR,17.739984221476476,18.609399158819492,17.622760698562562,18.29680061340332,11910000,0.0,0
2020-05-21,CARR,18.111197799211244,19.068531384762135,18.07212204638005,19.000150680541992,9711500,0.0,0
2020-05-22,CARR,19.01968391683687,19.400664998379735,18.51171224683667,18.609397888183594,5937100,0.0,0
2020-05-26,CARR,19.156449111167113,20.123551591800446,18.892693381021378,19.058761596679688,7305400,0.0,0
2020-05-27,CARR,19.117372412598982,19.66441985808813,18.98061101703526,19.527658462524414,8969700,0.0,0
2020-05-28,CARR,19.61557868169444,19.9867890136325,19.053876851498842,19.14668083190918,8509200,0.0,0
2020-05-29,CARR,18.52148117242335,20.49476188198816,18.4433315335908,19.996557235717773,32990600,0.0,0
2020-06-01,CARR,20.0747053595507,21.442326730760076,20.0747053595507,21.315332412719727,7695700,0.0,0
2020-06-02,CARR,21.18834192495698,21.32412699465814,20.421497998333283,20.86597442626953,8295600,0.0,0
2020-06-03,CARR,20.97342785546372,22.05775568337606,20.88550928221492,21.70608139038086,9636300,0.0,0
2020-06-04,CARR,21.520477167318163,22.58526712033713,21.520477167318163,22.15544319152832,6651900,0.0,0
2020-06-05,CARR,22.99555492935432,23.835663113081395,22.839253782485343,23.015090942382812,7843600,0.0,0
2020-06-08,CARR,23.083469966789533,23.816123504240206,22.770871422261397,23.80635643005371,8570400,0.0,0
2020-06-09,CARR,23.19092398341997,23.405834994439257,22.673181533813477,22.673181533813477,6850000,0.0,0
2020-06-10,CARR,21.794002831962977,22.614575048125356,21.53024894073792,21.686548233032227,10262100,0.0,0
2020-06-11,CARR,19.69372828379528,21.29579686562974,19.537429000847254,20.572912216186523,6834800,0.0,0
2020-06-12,CARR,21.491170941996415,21.794000556291657,20.53383741084736,21.041810989379883,5212800,0.0,0
2020-06-15,CARR,20.240773395058053,22.018680790280804,20.15285482582924,21.461862564086914,7735600,0.0,0
2020-06-16,CARR,22.428966178258836,22.44850405319867,21.417904440551347,21.559551239013672,7287800,0.0,0
2020-06-17,CARR,21.65724054660085,21.82330877089352,20.592450496118644,20.768287658691406,5737700,0.0,0
2020-06-18,CARR,20.514298472684974,21.383713383149523,20.514298472684974,20.758516311645508,3618900,0.0,0
2020-06-19,CARR,21.25672135891312,21.344639931785245,20.514298889789753,20.95389175415039,14451100,0.0,0
2020-06-22,CARR,21.022271740429897,22.297089140670792,20.817127789597205,22.214054107666016,5995500,0.0,0
2020-06-23,CARR,22.58526994084468,22.70249347764626,21.803771621484536,21.87215232849121,5961200,0.0,0
2020-06-24,CARR,21.588857059608447,22.135904490151663,20.95389105910936,21.315332412719727,6825600,0.0,0
2020-06-25,CARR,21.197675421015873,21.442791917294503,20.624101847276837,21.099628448486328,6141000,0.08,0
2020-06-26,CARR,21.099632737097227,21.3153346244324,20.188778813989476,20.560375213623047,21346900,0.0,0
2020-06-29,CARR,20.668224479446344,22.031071705040475,20.589787269414103,21.687910079956055,8086000,0.0,0
2020-06-30,CARR,21.38396823379695,21.972248353548906,20.991782110659294,21.785959243774414,7082500,0.0,0
2020-07-01,CARR,21.884000830516268,22.56052289444242,21.442792252374375,22.168336868286133,9181500,0.0,0
2020-07-02,CARR,22.54091585241522,22.766422610973617,22.12912000761303,22.462478637695312,5667400,0.0,0
2020-07-06,CARR,22.678180119555805,23.815522518516488,22.678180119555805,23.737083435058594,7145200,0.0,0
2020-07-07,CARR,23.295878084192587,23.70767397974994,23.260581987750022,23.54099464416504,4671900,0.0,0
2020-07-08,CARR,23.413529509370314,23.619428361623328,23.00173367495495,23.521381378173828,4692100,0.0,0
2020-07-09,CARR,23.531189497919787,23.746891395084653,23.295877827351497,23.442947387695312,5470300,0.0,0
2020-07-10,CARR,23.374314120196857,25.550948388856302,23.2566573545519,24.4038028717041,12262400,0.0,0
2020-07-13,CARR,24.64891901350563,24.717551346464344,22.805643429406956,23.80571937561035,8562400,0.0,0
2020-07-14,CARR,23.82532721165499,24.668528717299463,23.75669487888687,24.658723831176758,7218300,0.0,0
2020-07-15,CARR,25.08032231397848,26.050983511181922,25.041104643128065,25.93332862854004,5798700,0.0,0
2020-07-16,CARR,25.609776061054212,26.462780544325856,25.41368208761046,26.0902042388916,4863400,0.0,0
2020-07-17,CARR,26.36473086589475,26.374535750574978,25.815670414435633,25.962739944458008,3187100,0.0,0
2020-07-20,CARR,25.707820642070935,26.021571367062183,25.55584959240449,25.89410972595215,2442800,0.0,0
2020-07-21,CARR,25.77645412359677,26.276490178382442,25.648992486031297,26.050983428955078,4952700,0.0,0
2020-07-22,CARR,25.825477149887117,26.531412066639348,25.805867379121334,26.080398559570312,3503900,0.0,0
2020-07-23,CARR,26.139226081952398,27.09027752592204,26.00196142635222,26.81574821472168,6245400,0.0,0
2020-07-24,CARR,26.71770147625771,26.727506361760796,26.021571436354712,26.060789108276367,8293000,0.0,0
2020-07-27,CARR,25.982352556501116,26.256883747311907,25.570556705330297,25.73723602294922,5734900,0.0,0
2020-07-28,CARR,25.560752868652344,25.884306631416646,25.345050983506415,25.560752868652344,9895100,0.0,0
2020-07-29,CARR,25.599970407163635,27.178519552662557,25.599970407163635,26.64906883239746,12657500,0.0,0
2020-07-30,CARR,25.345051570021507,26.962820421280142,25.099935020737142,26.374540328979492,6742900,0.0,0
2020-07-31,CARR,26.325514113545296,26.820648651541976,26.10981038325357,26.707895278930664,9261300,0.0,0
2020-08-03,CARR,26.70789856457468,27.345201208649048,26.48239179160989,27.080476760864258,4115900,0.0,0
2020-08-04,CARR,26.86477337679899,27.32559368544123,26.629461714341424,27.22754669189453,4382200,0.0,0
2020-08-05,CARR,27.119693042074285,27.624632501263328,27.119693042074285,27.560903549194336,4177300,0.0,0
2020-08-06,CARR,27.47266072581439,27.982503549512533,27.394223512175497,27.717777252197266,3648700,0.0,0
2020-08-07,CARR,28.158985799734655,28.462931638073897,27.884456487803316,28.404102325439453,3477900,0.0,0
2020-08-10,CARR,28.453129153293077,28.992384807305644,28.345277274454226,28.884532928466797,3516900,0.0,0
2020-08-11,CARR,29.57085853823647,29.727732970527587,28.864923592926452,28.9139461517334,5113800,0.0,0
2020-08-12,CARR,29.286523226982666,29.600272079737547,29.04140670200658,29.208086013793945,3523800,0.0,0
2020-08-13,CARR,29.31593727311694,29.68851545434473,28.79629141469136,28.962970733642578,3643800,0.0,0
2020-08-14,CARR,29.129650424558594,29.46104923285638,28.708051521905936,28.943363189697266,5008300,0.0,0
2020-08-17,CARR,28.923750063439797,29.595368820948515,28.573723320270297,29.257108688354492,4588200,0.0,0
2020-08-18,CARR,29.139454361118997,29.463008127544704,28.796292692251455,28.884532928466797,3412900,0.0,0
2020-08-19,CARR,28.962970722279646,29.110040269510495,28.55117486797882,28.678634643554688,3864000,0.0,0
2020-08-20,CARR,28.453128021252216,28.835509219971616,28.188401712866124,28.443323135375977,3166800,0.0,0
2020-08-21,CARR,28.590394752964823,29.237502306913708,28.516859038615262,28.943363189697266,3112600,0.0,0
2020-08-24,CARR,29.17867210826428,29.845389372566842,29.159062336939915,29.78656005859375,3117300,0.0,0
2020-08-25,CARR,29.90421629221308,30.20325875434972,29.815974192891098,29.874801635742188,3233600,0.0,0
2020-08-26,CARR,29.91402153360685,30.629761352097862,29.81597454762805,30.423864364624023,3316600,0.0,0
2020-08-27,CARR,30.463078055585243,30.629757348937815,29.570854152959853,29.68851089477539,4144700,0.0,0
2020-08-28,CARR,29.786559467067022,29.879704943962626,29.369862120198412,29.70812225341797,3689900,0.0,0
2020-08-31,CARR,29.600271072559025,29.864995489256774,29.247302690174543,29.26691246032715,3572700,0.0,0
2020-09-01,CARR,29.08062454422551,29.766951566222772,28.6001963768637,29.70812225341797,2778500,0.0,0
2020-09-02,CARR,29.629686688290125,30.345428406511857,29.257110370250565,30.178749084472656,3445400,0.0,0
2020-09-03,CARR,29.904215949323444,30.090505031321666,28.394297262763263,28.757070541381836,5049400,0.0,0
2020-09-04,CARR,28.85511702513613,29.507125995697425,28.266837003290856,29.413982391357422,4277400,0.0,0
2020-09-08,CARR,28.776682075649223,29.6591012427373,28.629612526149675,28.99238395690918,4733300,0.0,0
2020-09-09,CARR,29.345350772478174,29.752243232921245,28.972772605954415,29.54144287109375,4782000,0.0,0
2020-09-10,CARR,29.315936172143893,29.42378804214742,28.021721212464293,28.570781707763672,9090300,0.0,0
2020-09-11,CARR,28.600198538213817,29.065920347614902,28.44332409906052,28.66883087158203,4547300,0.0,0
2020-09-14,CARR,28.825705843905737,28.864925389464894,28.26684041032379,28.580589294433594,4299400,0.0,0
2020-09-15,CARR,28.90414179968203,29.453204192930368,28.728639390232583,29.11004066467285,4052100,0.0,0
2020-09-16,CARR,29.57085748008993,29.938532268257585,28.948261281048488,29.659099578857422,4884300,0.0,0
2020-09-17,CARR,29.188478090975565,30.095408542771033,28.7962920002016,30.061092376708984,4735100,0.0,0
2020-09-18,CARR,29.90421678283384,30.590543817689262,29.90421678283384,30.188552856445312,8061000,0.0,0
2020-09-21,CARR,29.69831985454943,30.168943146213454,28.649219528840295,28.933555603027344,4516900,0.0,0
2020-09-22,CARR,28.933557522241244,29.737539499686175,28.913947749598478,29.668907165527344,4719700,0.0,0
2020-09-23,CARR,29.806168768423262,29.82577853904926,28.53156359918407,28.54136848449707,3348800,0.0,0
2020-09-24,CARR,28.551174966392182,29.384569693603208,28.227621213332757,29.296327590942383,4269300,0.0,0
2020-09-25,CARR,28.825702891201356,29.90421597242158,28.7766803343648,29.894411087036133,2845700,0.0,0
2020-09-28,CARR,30.149333160137306,30.94351019292528,29.835584301262585,30.139528274536133,7027600,0.0,0
2020-09-29,CARR,29.91402165200318,30.09050585344538,29.4924209196892,29.904216766357422,6851300,0.0,0
2020-09-30,CARR,30.01206990862839,30.62976276972916,29.75714848132132,29.943437576293945,5066600,0.0,0
2020-10-01,CARR,30.119918976375555,30.45327761168811,29.953239658719273,30.168943405151367,3730300,0.0,0
2020-10-02,CARR,29.74734085484621,30.904291122161634,29.66890364367689,30.61995506286621,2483100,0.0,0
2020-10-05,CARR,31.02194829081394,31.83573698806288,31.02194829081394,31.45335578918457,5088600,0.0,0
2020-10-06,CARR,31.70827613587024,31.757298696408842,30.835661841665594,30.894489288330078,2439400,0.0,0
2020-10-07,CARR,31.30628365985365,31.65925206316305,31.2670641172234,31.492570877075195,2209700,0.0,0
2020-10-08,CARR,31.678861805081468,31.832792712481133,31.012142671620893,31.32589340209961,2276400,0.0,0
2020-10-09,CARR,31.286673053215218,31.914170757819935,31.090579085480908,31.600421905517578,2700800,0.0,0
2020-10-12,CARR,31.953393831451343,32.512259270151844,31.571012609201713,32.355384826660156,3302600,0.0,0
2020-10-13,CARR,32.6495159982961,32.81619715781106,31.414130523844182,31.8553409576416,3534500,0.0,0
2020-10-14,CARR,32.04162775170646,32.40439910829372,31.796511262626808,31.87494659423828,3443600,0.0,0
2020-10-15,CARR,31.46315969733861,32.02202511773165,31.384720608071415,31.96319580078125,2691600,0.0,0
2020-10-16,CARR,32.27693818855311,32.62010352483491,31.786705199734154,32.12006378173828,3723000,0.0,0
2020-10-19,CARR,32.1592886890527,32.35538266536394,31.44354885467098,31.68866539001465,5529300,0.0,0
2020-10-20,CARR,31.816124508159163,33.13975219779287,31.71807565770183,32.58088684082031,3944800,0.0,0
2020-10-21,CARR,32.4142112168205,32.786785648836485,32.257336787502865,32.698543548583984,2909800,0.0,0
2020-10-22,CARR,32.50245397838361,33.463310345026834,32.50245397838361,33.227996826171875,3987700,0.0,0
2020-10-23,CARR,33.23780179290467,34.27709344976805,33.19858225184307,34.2476806640625,5072400,0.0,0
2020-10-26,CARR,33.77706028288994,33.77706028288994,32.620109903816854,33.051513671875,5196800,0.0,0
2020-10-27,CARR,33.169171239151915,33.27701937256426,32.46323442303334,32.943660736083984,4032300,0.0,0
2020-10-28,CARR,32.2867494588069,33.10053438917712,32.12006827440055,32.64952087402344,6485900,0.0,0
2020-10-29,CARR,33.20973388443022,34.18273076845316,32.36450184428846,33.48492431640625,11949600,0.08,0
2020-10-30,CARR,33.386646276827236,34.28101901529504,32.43330254765573,32.81660461425781,6741100,0.0,0
2020-11-02,CARR,33.41612958407626,34.52672552884929,33.28836098001135,34.49723815917969,6313000,0.0,0
2020-11-03,CARR,34.841226951469885,36.37443507031217,34.82156995646057,36.315467834472656,6733100,0.0,0
2020-11-04,CARR,35.018138731722914,36.7577435514558,34.89037012936367,36.14838790893555,9039400,0.0,0
2020-11-05,CARR,36.865849315929815,37.64228376046453,36.73808447001031,37.544002532958984,5778100,0.0,0
2020-11-06,CARR,37.86833469908702,38.35974834947409,37.48994783793197,38.281124114990234,3443000,0.0,0
2020-11-09,CARR,40.04038482222644,40.59076569659574,38.015759286570564,38.133697509765625,7186400,0.0,0
2020-11-10,CARR,38.35974457657484,38.67424898195418,36.93464812996959,37.16069793701172,5588400,0.0,0
2020-11-11,CARR,37.82902627689074,38.06490274088201,37.23932761853494,37.406410217285156,4633000,0.0,0
2020-11-12,CARR,37.34743471651955,38.266379525699605,37.13612671223486,37.30812072753906,8192500,0.0,0
2020-11-13,CARR,37.57348293748475,37.946958318599506,37.48502834062042,37.63245391845703,5498900,0.0,0
2020-11-16,CARR,38.566139989215266,39.814327201939314,37.81918923681376,39.804500579833984,6135600,0.0,0
2020-11-17,CARR,40.73819403041308,40.76767765089987,39.17549840840416,39.66691207885742,6882700,0.0,0
2020-11-18,CARR,39.58828930452,39.89296717002557,38.69391645650155,38.71357345581055,5997200,0.0,0
2020-11-19,CARR,38.330265912566134,38.60545636553134,37.84867887068828,38.45803451538086,8524800,0.0,0
2020-11-20,CARR,38.26146825756761,38.428547104060215,37.553831380213666,37.87816619873047,4338700,0.0,0
2020-11-23,CARR,38.33026353683731,38.46785875479169,37.74056867440752,38.10421371459961,6231700,0.0,0
2020-11-24,CARR,38.271296437079585,38.88556354331333,37.770056128035954,38.693912506103516,7022300,0.0,0
2020-11-25,CARR,38.38923345837284,38.56614266203448,37.85850584738793,37.94696044921875,4280300,0.0,0
2020-11-27,CARR,38.02558317721077,38.17300875750219,36.81670616606115,37.16069793701172,5923500,0.0,0
2020-11-30,CARR,37.10173242568855,37.81919594057405,36.76757097705255,37.416236877441406,21169200,0.0,0
2020-12-01,CARR,37.976444998993706,38.27129242927141,36.905163127940206,36.95430374145508,6595200,0.0,0
2020-12-02,CARR,36.55134734612759,36.639801956504535,35.932168822677774,36.197532653808594,5578000,0.0,0
2020-12-03,CARR,36.55134249780082,37.12138407777029,35.97147429539903,36.05992889404297,5411900,0.0,0
2020-12-04,CARR,36.62996961257857,37.317949391497855,36.41866161796453,37.05258560180664,5534700,0.0,0
2020-12-07,CARR,36.90516582475775,37.05259142526386,36.079590710138795,36.207359313964844,3825100,0.0,0
2020-12-08,CARR,36.0107885341946,36.92481814348229,35.981304917504126,36.659454345703125,4022800,0.0,0
2020-12-09,CARR,36.76756950379323,37.33761114299698,36.74791250769773,37.190185546875,4134800,0.0,0
2020-12-10,CARR,37.02310482310605,37.80936970985222,36.627025517304816,36.89533996582031,4095700,0.0,0
2020-12-11,CARR,36.5218620300293,36.747911857344086,36.128729613454006,36.5218620300293,3102600,0.0,0
2020-12-14,CARR,36.856019810175574,36.90516042008483,35.892849609038905,35.99113082885742,6301200,0.0,0
2020-12-15,CARR,36.462894314425625,37.25898584228517,35.89285638335215,37.02310562133789,4832100,0.0,0
2020-12-16,CARR,37.082074981318755,37.3670958089018,36.698772919694754,37.34743881225586,3990600,0.0,0
2020-12-17,CARR,37.750394844676606,38.19758304685314,37.59314263330222,38.03541564941406,4095200,0.0,0
2020-12-18,CARR,38.08456066961654,38.19267228041987,36.96413806527095,38.12387466430664,9683100,0.0,0
2020-12-21,CARR,37.34743840407805,38.05507527884307,37.279623078606775,37.8585090637207,2835900,0.0,0
2020-12-22,CARR,37.75005673983634,37.976812957176534,37.326120058446755,37.49372100830078,3303800,0.12,0
2020-12-23,CARR,37.582454174486465,37.85850834427607,37.26696691835956,37.621891021728516,2367600,0.0,0
2020-12-24,CARR,37.37541987200296,37.7007682508962,37.3162645955937,37.3557014465332,1395100,0.0,0
2020-12-28,CARR,37.572594367684545,38.87398015369333,37.21767028769951,37.2275276184082,3209700,0.0,0
2020-12-29,CARR,37.464148822667575,37.64161088112102,36.16276290127888,36.645851135253906,3748700,0.0,0
2020-12-30,CARR,36.78387667995183,37.26696486893381,36.724721412341886,37.19795227050781,3051000,0.0,0
2020-12-31,CARR,37.08950678426819,37.276829937900494,36.399376965470374,37.1880989074707,2096800,0.0,0
2021-01-04,CARR,37.80920979484803,37.83878931025478,36.45852976628681,36.5078239440918,4584200,0.0,0
2021-01-05,CARR,36.478247829247145,37.64160846629551,36.281067359070285,37.404991149902344,3701500,0.0,0
2021-01-06,CARR,37.7796330405158,39.6922749194266,37.7796330405158,39.48523712158203,6211500,0.0,0
2021-01-07,CARR,39.840166731660126,40.60916652218274,39.43594841088476,40.51057815551758,7771900,0.0,0
2021-01-08,CARR,40.61902517027556,40.766907711371324,39.43594603698504,40.116214752197266,6964100,0.0,0
2021-01-11,CARR,39.317635584680566,41.25295192860609,39.28805607049645,40.983802795410156,3761400,0.0,0
2021-01-12,CARR,40.97394710059781,41.34858586011254,40.471136709341934,41.15140914916992,4436100,0.0,0
2021-01-13,CARR,40.8359189873451,41.299292541692,40.25424241269485,40.796485900878906,3948600,0.0,0
2021-01-14,CARR,40.8162003361107,41.00351970146126,40.15564637036138,40.22465896606445,3748900,0.0,0
2021-01-15,CARR,40.027480148390204,40.027480148390204,39.012991189110345,39.810585021972656,4501100,0.0,0
2021-01-19,CARR,40.12607236133592,40.40212275614041,39.63312307866817,39.800724029541016,3383000,0.0,0
2021-01-20,CARR,39.84016521439995,39.84016521439995,39.13031696654803,39.47538375854492,4654700,0.0,0
2021-01-21,CARR,39.83030799617205,39.83030799617205,38.65708616530044,39.17961502075195,4647200,0.0,0
2021-01-22,CARR,38.64722798079799,39.544395605311834,38.548635858875926,38.95285415649414,2585000,0.0,0
2021-01-25,CARR,38.420472209239584,38.50624340740531,36.67543111948661,38.34159851074219,9176800,0.0,0
2021-01-26,CARR,38.341596007508606,38.49933963329974,36.77401708081341,36.79373550415039,4945100,0.0,0
2021-01-27,CARR,36.08388618496871,36.26134822857549,33.72758920262874,35.7191047668457,8138300,0.0,0
2021-01-28,CARR,36.29092890653481,37.907802012648766,35.90741441039402,37.66132736206055,8108500,0.0,0
2021-01-29,CARR,37.355697352111086,38.25286492767143,37.23739057316485,37.957096099853516,16346400,0.0,0
2021-02-01,CARR,38.647223764061025,38.89369840061639,38.0063882046553,38.114837646484375,4731700,0.0,0
2021-02-02,CARR,38.568348558007266,38.84440269750547,37.8880799417991,37.937374114990234,2902000,0.0,0
2021-02-03,CARR,37.75990872100703,38.11483275383124,37.42076168048665,37.61202621459961,2987900,0.0,0
2021-02-04,CARR,37.82893046353005,37.9866740984119,37.32612380262695,37.78949737548828,3439000,0.0,0
2021-02-05,CARR,37.46414603693406,39.42608586577153,37.46414603693406,38.597930908203125,4409600,0.0,0
2021-02-08,CARR,38.97257014936452,39.554250469246284,38.785250770756875,39.140174865722656,4544800,0.0,0
2021-02-09,CARR,36.576837517666455,37.74019819713704,36.42895498031972,36.72472381591797,12941200,0.0,0
2021-02-10,CARR,37.12894287271406,37.41485438278512,36.28106943507154,36.66556930541992,7926400,0.0,0
2021-02-11,CARR,36.77401483290802,36.946546325429296,36.11346461556819,36.6754264831543,11064800,0.0,0
2021-02-12,CARR,36.478248755107074,36.87260970547013,36.24163143270829,36.75429916381836,5472800,0.0,0
2021-02-16,CARR,36.93176335867601,36.99584917934937,36.25642517518573,36.882469177246094,4174600,0.0,0
2021-02-17,CARR,36.70500173210362,36.84204156726878,36.18247671595273,36.71486282348633,3844400,0.0,0
2021-02-18,CARR,36.56698038416419,36.70500559079693,35.84924554876912,36.13318634033203,3961800,0.0,0
2021-02-19,CARR,36.478247914787524,37.22752919013105,36.43881106847874,37.109222412109375,3225600,0.0,0
2021-02-22,CARR,36.88246678263203,37.33597923979067,36.74444157922764,36.774017333984375,3017600,0.0,0
2021-02-23,CARR,36.310646326639805,36.66556665452056,35.31488665966926,36.57683563232422,4340100,0.0,0
2021-02-24,CARR,36.34022140395568,36.981053209307625,36.17754723947303,36.92190170288086,5952400,0.0,0
2021-02-25,CARR,36.5472648229142,36.74444531679356,35.43319822926517,35.63037872314453,4449900,0.0,0
2021-02-26,CARR,35.876848306790244,36.47824703533372,35.51206688949019,36.01487350463867,5375200,0.0,0
2021-03-01,CARR,36.24162871806715,37.03527734456944,36.20219563470833,36.6754264831543,4156800,0.0,0
2021-03-02,CARR,36.872607704754834,36.89232236638899,36.162759536979735,36.61627197265625,4431900,0.0,0
2021-03-03,CARR,36.330360737738886,37.04809552729811,36.113465610126525,36.596553802490234,7100100,0.0,0
2021-03-04,CARR,36.42895458328287,36.68528656843299,34.56560680232715,35.01911926269531,6859200,0.0,0
2021-03-05,CARR,35.61065750891313,36.51768620536461,34.259977437107835,36.41909408569336,7047300,0.0,0
2021-03-08,CARR,36.27121382293255,37.257112516064254,35.788121808499795,36.53740692138672,4659800,0.0,0
2021-03-09,CARR,36.82331002189222,37.17823410822735,36.576835379815556,36.596553802490234,3643400,0.0,0
2021-03-10,CARR,37.079650805405194,38.548637766127754,36.95148292101766,38.233150482177734,6976500,0.0,0
2021-03-11,CARR,38.71624043748505,39.012009280309236,38.06554747890987,38.67680358886719,5156100,0.0,0
2021-03-12,CARR,38.45004649613939,39.06130259251185,38.371172800656595,39.0317268371582,2546200,0.0,0
2021-03-15,CARR,38.66694524553906,39.1796129814439,38.54863470278078,39.04158401489258,3634300,0.0,0
2021-03-16,CARR,39.06130054104907,39.090880055754035,37.76977581303877,38.02610778808594,5740800,0.0,0
2021-03-17,CARR,38.262730166456585,38.804973703038556,37.88808760480327,38.79511260986328,4066000,0.0,0
2021-03-18,CARR,38.84440815332346,41.01338216560756,38.84440815332346,40.421844482421875,10045200,0.0,0
2021-03-19,CARR,40.64859805446026,40.72747174619609,40.00875159018843,40.33311080932617,11066100,0.0,0
2021-03-22,CARR,40.04720044504214,41.10211165581333,39.288058064793795,40.8260612487793,10396900,0.0,0
2021-03-23,CARR,40.34296469416916,40.904930297521254,39.490164600324846,39.72185134887695,11248200,0.0,0
2021-03-24,CARR,39.92889105779447,40.64859654407087,39.564109649332075,39.57396697998047,8587400,0.0,0
2021-03-25,CARR,39.62325843878562,39.90423935430921,39.021863526943584,39.781002044677734,8091900,0.0,0
2021-03-26,CARR,40.24438505243549,40.559872338850155,39.26834743537295,40.51057815551758,5120300,0.0,0
2021-03-29,CARR,41.614778754469164,42.37392112323701,41.36041748884811,41.74294662475586,7698800,0.0,0
2021-03-30,CARR,41.47674951316567,42.31476173216816,41.200699137193894,41.76266098022461,3982200,0.0,0
2021-03-31,CARR,42.393641147408864,42.86687203914113,41.43731827152429,41.62464141845703,7297800,0.0,0
2021-04-01,CARR,41.63449752064696,41.80210223869563,41.26971609087708,41.427459716796875,4759900,0.0,0
2021-04-05,CARR,41.79224152365611,42.31476658406049,41.7330900139679,41.97956466674805,5731800,0.0,0
2021-04-06,CARR,42.03871319394131,42.68940608068039,41.703507539505765,42.20631790161133,6692600,0.0,0
2021-04-07,CARR,41.95984477351011,42.23589517146527,41.54576541567277,42.088008880615234,6117300,0.0,0
2021-04-08,CARR,41.97956527397728,42.393640891403194,41.45703644510984,41.930267333984375,5212400,0.0,0
2021-04-09,CARR,42.24575556625751,42.45279714064393,41.66407521344872,42.14716720581055,5578100,0.0,0
2021-04-12,CARR,42.1964594951798,42.39857051421567,41.88097224280088,41.9992790222168,5868600,0.0,0
2021-04-13,CARR,41.89082995143749,42.758417944952356,41.644355320367595,42.5513801574707,7778500,0.0,0
2021-04-14,CARR,42.52180480957031,43.16263659990305,42.45279221308685,42.52180480957031,4651100,0.0,0
2021-04-15,CARR,42.59082284788061,43.152784782993145,42.09787351806927,42.97532272338867,7090900,0.0,0
2021-04-16,CARR,43.26123046875001,43.655587641703114,42.82743268932561,43.26123046875,5575700,0.0,0
2021-04-19,CARR,43.3795373442524,44.015442377084646,43.0541890089363,43.25136947631836,10654900,0.0,0
2021-04-20,CARR,42.965464056912275,43.05419132305337,41.41759974935497,41.92041015625,6545400,0.0,0
2021-04-21,CARR,41.900696106927036,42.516882814381844,41.60492723952977,42.45280075073242,4288100,0.0,0
2021-04-22,CARR,42.63025858337812,43.093628383882184,42.245754957008394,42.48237228393555,6473400,0.0,0
2021-04-23,CARR,42.74856646776253,43.93164561106947,42.46265495395658,43.84291458129883,6615300,0.0,0
2021-04-26,CARR,44.18797471761723,44.523180390282036,43.399256593966136,43.478126525878906,4019400,0.0,0
2021-04-27,CARR,43.52742100754494,44.40487008547935,43.37953472570918,44.32599639892578,6740600,0.0,0
2021-04-28,CARR,44.30628413684072,44.68092667824504,43.842914327085154,43.862632751464844,6560200,0.0,0
2021-04-29,CARR,43.349961813177444,44.24712937151579,42.778138830922096,43.52742385864258,9151900,0.0,0
2021-04-30,CARR,43.181418542702104,43.34947628156276,42.49929584843372,43.08256149291992,7279100,0.12,0
2021-05-03,CARR,43.61639842451938,43.685599119282806,42.68712925829983,42.963932037353516,3928800,0.0,0
2021-05-04,CARR,42.667355489222935,42.86507336875544,42.29169189522667,42.637699127197266,9900900,0.0,0
2021-05-05,CARR,42.973818036593066,43.280277164743524,42.65747094041236,42.776100158691406,6946100,0.0,0
2021-05-06,CARR,42.845297355587014,43.68559355418633,42.66735165710523,43.65593719482422,6237900,0.0,0
2021-05-07,CARR,43.616391814336126,44.74832268021208,43.36924543587817,44.32817459106445,5266100,0.0,0
2021-05-10,CARR,44.377609053200885,45.12893625613711,44.377609053200885,44.89167404174805,5929800,0.0,0
2021-05-11,CARR,44.60497979686813,44.60497979686813,43.507649212397425,43.99205780029297,8457300,0.0,0
2021-05-12,CARR,43.73502361516963,43.93273769569579,41.90613820106779,41.945682525634766,7542300,0.0,0
2021-05-13,CARR,42.19283507423236,43.14187637584774,42.02477355579667,42.75632858276367,5084200,0.0,0
2021-05-14,CARR,43.112216046545214,43.5768524575863,42.954042510830845,43.14187240600586,4398200,0.0,0
2021-05-17,CARR,43.02324274325701,43.82399838064014,42.96392625380675,43.66582107543945,6998700,0.0,0
2021-05-18,CARR,43.769629609115775,43.97228769917419,43.04301857876363,43.16164779663086,6355800,0.0,0
2021-05-19,CARR,42.746442545768595,43.13199032225709,42.2126054224054,42.944156646728516,5250300,0.0,0
2021-05-20,CARR,43.062787743257296,43.56696471243131,42.71678053944943,43.38901901245117,4046000,0.0,0
2021-05-21,CARR,43.66582591610442,44.209551035121244,43.36925097828475,43.3791389465332,5536500,0.0,0
2021-05-24,CARR,43.576853430038135,44.17000325941498,43.4285640871166,43.87342834472656,5125600,0.0,0
2021-05-25,CARR,44.14035206906556,44.66430127208585,44.00194690625644,44.20955276489258,7026800,0.0,0
2021-05-26,CARR,44.26886549208425,44.51601191179648,44.016778859209445,44.20955276489258,6345000,0.0,0
2021-05-27,CARR,44.555557746573484,44.960877737723926,44.32818348530911,44.79281997680664,12343700,0.0,0
2021-05-28,CARR,45.1734206013535,45.603456713161755,44.8916738442805,45.405738830566406,4197100,0.0,0
2021-06-01,CARR,46.077972904040536,46.55249351359842,46.04831654442898,46.31523132324219,6199300,0.0,0
2021-06-02,CARR,46.22626319036416,46.39926869549798,45.38596689894972,45.52436828613281,5729600,0.0,0
2021-06-03,CARR,45.2080192565918,45.65288353299876,44.62475359889262,45.2080192565918,4230800,0.0,0
2021-06-04,CARR,45.42550835669243,45.52436540666898,45.23767468212038,45.36619186401367,4016900,0.0,0
2021-06-07,CARR,45.65288520244029,45.840715116611904,45.346422296118746,45.53425598144531,2982400,0.0,0
2021-06-08,CARR,45.672656073133396,45.92968667319572,45.26733612266466,45.83082962036133,3174000,0.0,0
2021-06-09,CARR,45.77151434132515,45.998888585805524,45.46505520670832,45.66276931762695,4567000,0.0,0
2021-06-10,CARR,45.880257735495455,46.09774777516728,45.25744774898829,45.3365364074707,5163900,0.0,0
2021-06-11,CARR,45.642996009924026,45.7517410309005,45.138819005852476,45.573795318603516,4065700,0.0,0
2021-06-14,CARR,45.57379967687608,45.76163337512721,45.2386721987845,45.68254470825195,3427700,0.0,0
2021-06-15,CARR,45.76162767961237,46.068086797723936,45.29699124743712,45.99888610839844,3962900,0.0,0
2021-06-16,CARR,46.19660415786991,46.59500402987421,45.944513776552746,46.374549865722656,6778600,0.0,0
2021-06-17,CARR,46.36466595114275,46.37455014779258,44.59509682959655,45.60345458984375,6200000,0.0,0
2021-06-18,CARR,44.91144545553223,45.33653757796315,44.50612549823239,44.53578186035156,7343600,0.0,0
2021-06-21,CARR,44.88178799435952,46.07797567183602,44.78292717112501,45.96923065185547,4158800,0.0,0
2021-06-22,CARR,46.068087850261904,46.166948673810424,45.48482219036749,45.583683013916016,4046100,0.0,0
2021-06-23,CARR,46.08917843995923,46.22794095288379,45.28633332533081,45.692710876464844,3100600,0.12,0
2021-06-24,CARR,45.841383063768,45.98014556429919,45.54403430820193,45.811649322509766,3007300,0.0,0
2021-06-25,CARR,45.920679836361195,46.753254871360134,45.83147482818349,46.644229888916016,8003600,0.0,0
2021-06-28,CARR,46.64423040392646,47.516452959078066,46.26262972767722,47.45698547363281,6283700,0.0,0
2021-06-29,CARR,47.60565906399117,48.66620543011627,47.60565906399117,48.2796516418457,9447900,0.0,0
2021-06-30,CARR,48.03185746242337,48.557177510512226,47.823713709158994,48.17061996459961,4915700,0.0,0
2021-07-01,CARR,48.190445271074076,48.45806029717175,47.8831865152171,48.319297790527344,3466300,0.0,0
2021-07-02,CARR,48.36885650218632,48.46797528155859,48.01203645843577,48.091331481933594,2702900,0.0,0
2021-07-06,CARR,48.180534143886476,48.19540101481879,47.19927907141242,47.74441909790039,4026400,0.0,0
2021-07-07,CARR,47.77415882762309,48.62160453886362,47.595748806204575,48.39859390258789,4355900,0.0,0
2021-07-08,CARR,47.38760315343864,47.99221066749497,47.110074363959455,47.62548065185547,3482300,0.0,0
2021-07-09,CARR,48.1210613750006,48.43328077879853,47.78406511408816,47.843536376953125,3932600,0.0,0
2021-07-12,CARR,48.07150790078779,48.834705490251636,47.556101589163056,48.77523422241211,7450400,0.0,0
2021-07-13,CARR,48.65629288613599,49.176656054386775,48.58691163450183,48.7950553894043,5600100,0.0,0
2021-07-14,CARR,48.96355662652118,49.2807291506918,48.46797408488026,48.56708908081055,3919800,0.0,0
2021-07-15,CARR,48.29947395936877,49.236124658743655,48.08141643155841,49.12214279174805,3872700,0.0,0
2021-07-16,CARR,49.122140137787454,49.369931394731715,48.567086361074296,48.64638137817383,3331200,0.0,0
2021-07-19,CARR,47.88318647604335,48.071506480478874,47.22901767311579,47.82371520996094,3722800,0.0,0
2021-07-20,CARR,48.05168434741105,49.62268014809505,47.89012621820844,49.45914077758789,5358600,0.0,0
2021-07-21,CARR,49.57807879451891,50.14304259948146,49.498783771579355,50.00428009033203,3963100,0.0,0
2021-07-22,CARR,50.053836706185805,50.56428611912141,49.78622167997792,50.36109924316406,6025400,0.0,0
2021-07-23,CARR,50.509773469762315,51.50093858705433,50.48994971369709,51.441471099853516,4494200,0.0,0
2021-07-26,CARR,51.34235135318207,51.62780889795469,50.8071212924795,51.05491256713867,2856100,0.0,0
2021-07-27,CARR,51.045003370530296,51.9469634730222,50.787302104530404,51.500938415527344,4072200,0.0,0
2021-07-28,CARR,51.41173247010656,51.83793376386005,51.07473618623158,51.114383697509766,5156200,0.0,0
2021-07-29,CARR,52.60608806800209,53.6022100451613,51.718994856033746,53.463443756103516,6166600,0.0,0
2021-07-30,CARR,53.74097250295778,55.01957259819594,53.4832674616577,54.761871337890625,6506800,0.0,0
2021-08-02,CARR,54.81143173281096,55.53498183455227,54.00065785819022,54.12752914428711,4010800,0.0,0
2021-08-03,CARR,54.50416609950469,56.7441973804945,54.49425233195031,56.6748161315918,4994000,0.0,0
2021-08-04,CARR,56.099941467776794,57.388459083989986,56.04047398339413,56.53605651855469,4619100,0.0,0
2021-08-05,CARR,56.853230825868884,57.026683962428976,55.41604067252349,55.822418212890625,4508600,0.0,0
2021-08-06,CARR,56.020651852169905,56.318000625686714,55.361526153861206,55.88188934326172,4686200,0.0,0
2021-08-09,CARR,55.60435962791167,56.02957029533921,55.46064401819336,55.743125915527344,2423800,0.0,0
2021-08-10,CARR,55.90170809243715,56.99198809135219,55.76294181496199,56.1098518371582,3763200,0.0,0
2021-08-11,CARR,56.27834993293528,56.52316933195165,55.58453742761475,56.38737869262695,3039200,0.0,0
2021-08-12,CARR,55.842236418380615,56.07020391534361,55.17815390027586,55.485416412353516,3510400,0.0,0
2021-08-13,CARR,55.44577168535352,55.75303421284012,55.24754169961467,55.6539192199707,2316300,0.0,0
2021-08-16,CARR,55.495333739109356,56.3279125462412,55.12859994217408,56.09994125366211,2081400,0.0,0
2021-08-17,CARR,55.45568921323663,55.644009224854834,53.88964650895571,54.662757873535156,3597000,0.0,0
2021-08-18,CARR,54.66275143834411,55.49533019226376,54.55372268303406,54.68257141113281,2632300,0.0,0
2021-08-19,CARR,53.82026374420758,55.485421401395875,53.75088249024097,54.761871337890625,4225200,0.0,0
2021-08-20,CARR,54.979928561188004,55.10877730012409,54.22664097804827,54.88080978393555,2621200,0.0,0
2021-08-23,CARR,55.366483007005996,55.66878866452719,54.860986689415405,55.38630676269531,3493300,0.0,0
2021-08-24,CARR,55.28718306374482,56.18418996912842,55.24753933688923,56.1098518371582,2546500,0.0,0
2021-08-25,CARR,55.96117977766739,57.52722242645326,55.931446035043145,57.22987365722656,3900200,0.0,0
2021-08-26,CARR,57.140665702502965,57.46279131364461,56.65003628852857,56.873050689697266,3601000,0.0,0
2021-08-27,CARR,57.10101845083516,57.90385971187279,57.10101845083516,57.804744720458984,3722600,0.0,0
2021-08-30,CARR,58.00297982503515,58.369709838936735,57.50739729452152,57.51730728149414,3709300,0.0,0
2021-08-31,CARR,57.48757395446496,57.49748394150911,56.43693762103562,57.09110641479492,4837900,0.0,0
2021-09-01,CARR,57.38846143692373,57.45784269221127,56.23871005945109,57.37854766845703,3007500,0.0,0
2021-09-02,CARR,57.63624688398171,57.7750093805191,56.96225437423342,57.40827560424805,3333300,0.0,0
2021-09-03,CARR,57.17040127626727,57.34881129052357,56.7441999956544,56.90278625488281,3048700,0.0,0
2021-09-07,CARR,55.82241592753025,56.48649848445192,55.59543903783979,55.72330093383789,4744800,0.0,0
2021-09-08,CARR,55.584542388586215,56.446854994300054,55.29710359301663,56.15941619873047,2650800,0.0,0
2021-09-09,CARR,56.30809293863873,56.88792363783304,55.91162537042325,56.228797912597656,2202000,0.0,0
2021-09-10,CARR,56.654996134111734,56.724377387614915,55.90171233279373,55.93144607543945,2345300,0.0,0
2021-09-13,CARR,56.436938408579,56.575704696096196,54.692489527876376,55.24754333496094,4235500,0.0,0
2021-09-14,CARR,55.50524389050001,55.53993451669179,54.10770129378257,54.49425506591797,6193900,0.0,0
2021-09-15,CARR,54.57354818756037,55.406126968189504,54.345580683232626,55.26736068725586,3148900,0.0,0
2021-09-16,CARR,55.178159309152456,55.36648309801312,54.20681796474808,54.58346176147461,6828000,0.0,0
2021-09-17,CARR,54.28611253021862,54.593375069826884,54.087878755664725,54.51408004760742,15945100,0.0,0
2021-09-20,CARR,53.47335783156935,54.11761287713357,52.591221498677186,53.344505310058594,6439800,0.0,0
2021-09-21,CARR,53.63193963430203,53.68149712891569,51.21349457481307,51.23331832885742,8805600,0.0,0
2021-09-22,CARR,51.709078739356976,52.65068629115725,51.629787501634056,52.125370025634766,7154300,0.0,0
2021-09-23,CARR,52.51192541492654,53.69636738147361,52.51192541492654,53.01742172241211,4273700,0.0,0
2021-09-24,CARR,52.42272065592471,52.9876844509816,52.34342941537018,52.65068817138672,2135700,0.0,0
2021-09-27,CARR,52.620950502556866,52.67050799683011,51.813152381019,51.907310485839844,2297800,0.0,0
2021-09-28,CARR,51.312618405027216,51.718995950523684,50.856683360030175,51.500938415527344,5489800,0.0,0
2021-09-29,CARR,51.80819813083211,52.6011294224941,51.738816879123846,52.38307189941406,4735200,0.0,0
2021-09-30,CARR,52.670512752635624,53.20574281350119,51.27297011437205,51.302703857421875,7036700,0.0,0
2021-10-01,CARR,51.40182343982758,52.283959786720175,50.67331647575486,51.99652099609375,3618500,0.0,0
2021-10-04,CARR,51.60005693341519,52.05599197609626,51.10447437893712,51.867671966552734,3638300,0.0,0
2021-10-05,CARR,52.15510637322131,52.952994579210575,51.828023857154506,52.35334014892578,3524600,0.0,0
2021-10-06,CARR,51.669436226807974,52.24431000205876,51.154029936000036,52.14519500732422,2767500,0.0,0
2021-10-07,CARR,52.76962949933066,53.503089526947605,52.76962949933066,52.87865447998047,2225300,0.0,0
2021-10-08,CARR,52.47228226921288,52.73989731643815,51.005358284455724,51.045005798339844,3108600,0.0,0
2021-10-11,CARR,50.90623563497055,51.49102314344761,50.64952501596787,50.79720687866211,2566700,0.0,0
2021-10-12,CARR,50.83190435270431,50.985533740389734,49.63755231809532,49.85560607910156,6017700,0.0,0
2021-10-13,CARR,50.222335676423185,50.51968824231624,49.488875592407496,50.28180694580078,4474800,0.0,0
2021-10-14,CARR,50.916150149132655,52.58130782029285,50.83685890721754,52.54166030883789,5567200,0.0,0
2021-10-15,CARR,53.0967130984526,53.443619364481556,52.5912205706683,52.957950592041016,3602200,0.0,0
2021-10-18,CARR,52.51192483700997,53.54273741493489,52.44254358474529,53.503089904785156,2449600,0.0,0
2021-10-19,CARR,53.91938059815976,54.00858560450467,52.91830177351197,53.49317932128906,3360600,0.0,0
2021-10-20,CARR,53.740973647000736,54.09779369270778,53.24539109040647,53.54273986816406,3884100,0.0,0
2021-10-21,CARR,53.31477159792284,53.85991164633006,53.05706655475193,53.840087890625,2397900,0.0,0
2021-10-22,CARR,54.286110823393955,54.61319332727843,53.90946704168321,54.17708206176758,3510600,0.0,0
2021-10-25,CARR,53.64184837367924,54.851070875309865,52.878650875190594,54.11760711669922,3312900,0.0,0
2021-10-26,CARR,54.21673382330579,54.39514385068628,53.205744928481295,53.25530242919922,2314700,0.0,0
2021-10-27,CARR,53.18592069953242,53.820265777474724,52.620956878177864,52.690338134765625,2673400,0.0,0
2021-10-28,CARR,52.85921510290031,54.1456798574547,52.283040691447646,54.06123733520508,3441300,0.12,0
2021-10-29,CARR,53.206907323367396,53.72347968062908,51.696927461267585,51.88567352294922,3955800,0.0,0
2021-11-01,CARR,52.00488253624455,52.32277264180386,51.51811497003455,51.82606887817383,2945900,0.0,0
2021-11-02,CARR,52.14396463251621,52.68040183630651,51.528049215178754,52.05455780029297,4231000,0.0,0
2021-11-03,CARR,51.60752320935151,52.15389660636553,50.84259893771227,51.62739181518555,3105700,0.0,0
2021-11-04,CARR,51.577719041684695,52.670469638733415,51.577719041684695,52.62080001831055,2486300,0.0,0
2021-11-05,CARR,52.85921544085394,53.09266682414724,52.07442255773364,52.441986083984375,2466600,0.0,0
2021-11-08,CARR,52.63073022855765,53.06782817539314,52.02475103187846,52.98835754394531,2144800,0.0,0
2021-11-09,CARR,53.21684239844901,54.49833905341551,53.14730417278873,54.44866943359375,3504300,0.0,0
2021-11-10,CARR,54.577809414352295,54.697021048787406,54.051304625685596,54.26985549926758,2901800,0.0,0
2021-11-11,CARR,54.42880184374966,54.518208676917375,53.5546021182819,54.14071273803711,2315300,0.0,0
2021-11-12,CARR,54.53807588623992,55.789767728979136,54.31952501308346,55.750030517578125,2842500,0.0,0
2021-11-15,CARR,55.69042914657475,55.95864964237007,55.134119549049366,55.332801818847656,2956800,0.0,0
2021-11-16,CARR,55.15398729017505,56.256670270193936,55.13411868455185,55.88910675048828,3179900,0.0,0
2021-11-17,CARR,56.12752644678957,56.16726365819057,55.55134825012216,55.750030517578125,2507500,0.0,0
2021-11-18,CARR,56.17719741788617,56.683837401566066,55.829506283634586,56.644100189208984,3626600,0.0,0
2021-11-19,CARR,56.58946118960678,57.587836837588526,56.55469207696807,56.77324295043945,5009400,0.0,0
2021-11-22,CARR,56.99179061723279,57.220273901130966,56.028187861583774,56.03812026977539,4717900,0.0,0
2021-11-23,CARR,55.928843338740045,56.236801038145735,54.16057914301141,54.508270263671875,5108900,0.0,0
2021-11-24,CARR,54.220185346409316,55.461944771277075,53.9916982774305,55.3228645324707,3618700,0.0,0
2021-11-26,CARR,54.45860205460549,55.293064555339704,54.25991978499275,55.01491165161133,2927600,0.0,0
2021-11-29,CARR,55.78976412015942,55.829501328989984,54.65728019533009,55.6109504699707,3250400,0.0,0
2021-11-30,CARR,55.501677277471934,55.670558527034224,53.30624756000493,53.763214111328125,10100100,0.0,0
2021-12-01,CARR,54.42880047404691,55.53148345884996,53.196973446907265,53.24664306640625,4355300,0.0,0
2021-12-02,CARR,53.59433462018421,55.33279772044335,53.59433462018421,55.15398406982422,2869100,0.0,0
2021-12-03,CARR,55.49174622256971,55.80466823586725,54.607614111417156,55.750030517578125,3031200,0.0,0
2021-12-06,CARR,55.99838391695536,56.13249606166868,55.28313304016454,55.4818115234375,3194500,0.0,0
2021-12-07,CARR,55.769901581438745,57.30968259038031,55.40234183365122,56.266605377197266,3700200,0.0,0
2021-12-08,CARR,56.22686191551427,56.301368234507954,55.60101793088446,56.06791687011719,2563200,0.0,0
2021-12-09,CARR,56.346078643172746,56.649068255509945,55.55134955468552,55.62089157104492,2174700,0.0,0
2021-12-10,CARR,54.697020239052414,55.47187690366436,54.19038027407614,55.14405059814453,2536000,0.0,0
2021-12-13,CARR,55.45200698733157,55.67055785251157,54.52813769849656,54.567874908447266,4287700,0.0,0
2021-12-14,CARR,53.802951086328285,54.41886268713613,52.553245003231694,53.19697189331055,3663500,0.0,0
2021-12-15,CARR,53.28637872161725,53.3161797345365,51.741629726153654,53.19697189331055,5989600,0.0,0
2021-12-16,CARR,53.663874704419975,54.30958731892252,52.988357287413436,53.514862060546875,3802500,0.0,0
2021-12-17,CARR,53.196970513973554,53.336046956722555,51.63732105249027,51.91547393798828,7534500,0.0,0
2021-12-20,CARR,51.55785412373958,51.6969305764697,50.02800556461009,50.574378967285156,3492000,0.0,0
2021-12-21,CARR,51.16545906146265,51.816139821241705,50.82273222973818,51.786338806152344,2162000,0.0,0
2021-12-22,CARR,51.676741992835744,52.453838457721154,51.45756425188018,52.32432174682617,2282800,0.15,0
2021-12-23,CARR,52.34424771595316,52.98684503513415,52.31435690543194,52.62320327758789,1938300,0.0,0
2021-12-27,CARR,53.08149021720195,53.390336599346774,52.73279575388088,53.33055877685547,1698700,0.0,0
2021-12-28,CARR,53.25085944860144,53.56966690471835,53.04164276811559,53.28074645996094,2485500,0.0,0
2021-12-29,CARR,53.240894348837756,53.66431394386114,52.94201283507421,53.53977966308594,3183200,0.0,0
2021-12-30,CARR,53.62445986736084,54.04787564457165,53.30066999049923,53.35048294067383,1426200,0.0,0
2021-12-31,CARR,53.340521576078935,54.35672171606016,53.16119191605375,54.03791427612305,2228900,0.0,0
2022-01-03,CARR,52.95197556064164,53.40029591288249,52.02544024517078,52.32432174682617,4505100,0.0,0
2022-01-04,CARR,54.03791729666616,54.43642471862058,53.01175222905511,53.61948013305664,5460300,0.0,0
2022-01-05,CARR,53.400297842860226,54.21724241713684,52.11510695924459,52.17488098144531,3484300,0.0,0
2022-01-06,CARR,52.25458345574596,53.31063169373877,52.25458345574596,53.3006706237793,3089800,0.0,0
2022-01-07,CARR,53.13130854715827,53.629445681256584,51.63689714486335,51.64685821533203,4117000,0.0,0
2022-01-10,CARR,51.03912957568578,52.30439833430717,50.15244609771507,52.12506866455078,3902300,0.0,0
2022-01-11,CARR,52.3243237843909,52.5086358878232,51.69666994613392,52.3442497253418,2715200,0.0,0
2022-01-12,CARR,52.99182675279488,53.21100830710778,52.264546995874895,52.80253601074219,2308300,0.0,0
2022-01-13,CARR,52.80253468359973,53.12134213614118,51.87599933699968,52.005516052246094,2669100,0.0,0
2022-01-14,CARR,51.28819601324907,51.28819601324907,49.97311435653637,50.909610748291016,3246700,0.0,0
2022-01-18,CARR,50.01296545974232,50.18233024903447,49.026652332297104,49.46501541137695,4107400,0.0,0
2022-01-19,CARR,49.67423223705407,50.102630447239235,48.54844132653368,48.608219146728516,3717300,0.0,0
2022-01-20,CARR,49.00672931625672,50.00300357290301,47.81618188360317,47.851051330566406,3871600,0.0,0
2022-01-21,CARR,48.08019150310177,48.677958306914825,47.30309883867775,47.62190628051758,3876000,0.0,0
2022-01-24,CARR,45.44006809924494,47.63187215863079,45.141186591257,47.48242950439453,8927300,0.0,0
2022-01-25,CARR,46.88466834857127,47.382805481809655,45.93820703532139,47.03410720825195,4603400,0.0,0
2022-01-26,CARR,47.64183352653211,48.13000957300254,45.9083184890738,46.496116638183594,4684400,0.0,0
2022-01-27,CARR,46.80496116480996,47.332985271325434,45.768835091227054,45.918277740478516,4483600,0.0,0
2022-01-28,CARR,46.02787083109957,46.53596902330649,45.30059108906613,46.276939392089844,10734800,0.0,0
2022-01-31,CARR,46.266975716279916,47.562135307266125,46.10757198514873,47.502357482910156,8647500,0.0,0
2022-02-01,CARR,47.821163746186826,47.89090263927791,46.20720053388872,46.87470245361328,4645400,0.0,0
2022-02-02,CARR,47.07395910188326,47.970607462113016,47.01418127770637,47.33298873901367,5972800,0.0,0
2022-02-03,CARR,46.63559833073837,47.16362245938481,45.99797962762759,46.06772232055664,6651800,0.0,0
2022-02-04,CARR,45.79872905955879,46.30682726117923,44.672938078889544,45.669212341308594,6896800,0.0,0
2022-02-07,CARR,45.479920835844524,45.94816714698826,45.18103552175045,45.549659729003906,7355300,0.0,0
2022-02-08,CARR,45.37033033515042,46.77507687804711,45.08140989003717,45.88839340209961,7924900,0.0,0
2022-02-09,CARR,46.80496474377337,47.90086872095256,46.66548695406514,47.801239013671875,6087400,0.0,0
2022-02-10,CARR,47.044069793325605,48.01045320052207,46.580802129904605,46.97433090209961,5086100,0.0,0
2022-02-11,CARR,46.86474193525334,47.04407160545208,44.82238046963959,45.33047866821289,5862900,0.0,0
2022-02-14,CARR,45.35040289255864,45.609432517214735,44.12498605958129,44.62312316894531,6410400,0.0,0
2022-02-15,CARR,45.39025713883174,45.68913865992876,45.17107558313438,45.57954788208008,4648300,0.0,0
2022-02-16,CARR,45.290624900439276,45.738949057272876,44.83233967366917,45.47991943359375,4210100,0.0,0
2022-02-17,CARR,44.99174316284801,45.330476546201645,44.29435045588647,44.41390609741211,4202400,0.0,0
2022-02-18,CARR,44.573312348138145,44.712790137347795,43.79621583606554,43.915771484375,4938700,0.0,0
2022-02-22,CARR,43.82610583458778,45.479920933978754,43.5471464608637,45.12126159667969,7327500,0.0,0
2022-02-23,CARR,45.58950714461893,45.619397955882555,43.58699761224664,43.67666244506836,4994500,0.0,0
2022-02-24,CARR,42.59072235061121,44.653009655128365,42.29184084859856,44.543418884277344,5037300,0.0,0
2022-02-25,CARR,44.5185138626786,45.290624085089966,43.965581379285474,45.06148147583008,4237800,0.0,0
2022-02-28,CARR,44.29435048354185,44.93196537013867,44.065207871201395,44.71278762817383,4992600,0.0,0
2022-03-01,CARR,44.991743332107916,44.991743332107916,43.318002349297366,43.55710983276367,6459900,0.0,0
2022-03-02,CARR,43.975544163565985,45.01167028099515,43.87093582485698,44.74267578125,7515000,0.0,0
2022-03-03,CARR,45.21092734960261,45.73895149552986,44.81241612217676,45.70906448364258,6534900,0.0,0
2022-03-04,CARR,45.02163097554165,45.469955138043346,44.15985589696825,44.832340240478516,9055000,0.0,0
2022-03-07,CARR,44.83234221620761,44.87717273419114,43.30804379701166,43.35785675048828,7210800,0.0,0
2022-03-08,CARR,43.238303390008156,44.254499766946,42.69034951947305,43.417633056640625,6755900,0.0,0
2022-03-09,CARR,44.27442742518431,44.97182017797593,43.970563467185706,44.42387008666992,4529000,0.0,0
2022-03-10,CARR,43.766326132464116,44.01539468372991,43.397705740726394,43.64677429199219,3615800,0.0,0
2022-03-11,CARR,44.115023514944916,44.15487539791139,43.02908440725933,43.05897521972656,3770900,0.0,0
2022-03-14,CARR,43.38774076664791,43.9356908180254,42.67540455971182,42.750125885009766,6058800,0.0,0
2022-03-15,CARR,43.33793014192277,45.161113854884576,43.25324774226752,45.03159713745117,5998100,0.0,0
2022-03-16,CARR,45.39025582914466,46.924515273302546,45.35040394735234,46.70533752441406,5944300,0.0,0
2022-03-17,CARR,46.037829570246224,46.94443893432617,45.97805555094532,46.94443893432617,3766500,0.0,0
2022-03-18,CARR,46.984293150144886,47.65179886923935,46.46623008770155,47.60198211669922,6620000,0.0,0
2022-03-21,CARR,47.10384497730648,47.75142475523616,46.80496346460225,47.3031005859375,3467800,0.0,0
2022-03-22,CARR,47.41269047741248,47.75640630088548,46.84082776540668,47.31306457519531,3376000,0.0,0
2022-03-23,CARR,46.685409250137965,47.113807456782055,46.276936983394116,46.346675872802734,2633700,0.0,0
2022-03-24,CARR,46.516041252992835,46.55589313330031,45.85850042985757,45.99797821044922,2676500,0.0,0
2022-03-25,CARR,46.0179036722586,46.26697222086453,45.37032772617383,46.217159271240234,3624000,0.0,0
2022-03-28,CARR,46.26697353861808,46.735223639488744,45.8286142487609,46.71529769897461,2417200,0.0,0
2022-03-29,CARR,47.55216919656639,48.299374879354325,47.00421912261882,47.9008674621582,3024300,0.0,0
2022-03-30,CARR,47.70161142612696,48.04034481797669,47.183548367975334,47.392765045166016,2737400,0.0,0
2022-03-31,CARR,47.11380802581579,47.35291170653767,45.65924859989017,45.6990966796875,4390200,0.0,0
2022-04-01,CARR,46.12749504531046,46.2370858162086,45.47991909075203,45.868465423583984,2540800,0.0,0
2022-04-04,CARR,45.340439085074564,45.54965956428073,44.51353344039603,45.0814094543457,4753300,0.0,0
2022-04-05,CARR,44.87219105704222,45.00668640235936,44.17479835419559,44.374053955078125,3144300,0.0,0
2022-04-06,CARR,43.806179420759335,43.87591831331648,43.148638576302965,43.716514587402344,4214100,0.0,0
2022-04-07,CARR,43.16856613331624,43.84602914345178,42.919497564720096,43.5272216796875,4199500,0.0,0
2022-04-08,CARR,43.67666138272792,44.244537376624926,42.999194617993865,43.21837615966797,3311700,0.0,0
2022-04-11,CARR,42.650499800094686,43.098820148970475,42.14738026578572,42.28187561035156,4399000,0.0,0
2022-04-12,CARR,42.501058631937624,43.039047629926806,41.36630234124686,41.62433624267578,4808300,0.0,0
2022-04-13,CARR,41.64426335210861,42.44128200085771,41.4948244932408,41.95310974121094,3202400,0.0,0
2022-04-14,CARR,41.96306829608193,42.17228876673042,41.11623674514122,41.126197814941406,2618300,0.0,0
2022-04-18,CARR,41.176017501908234,41.62433788409373,40.80739328477674,41.136165618896484,3323000,0.0,0
2022-04-19,CARR,41.295568526174314,42.39146868372918,41.19593882063363,42.34165573120117,4335700,0.0,0
2022-04-20,CARR,42.7003145019071,43.57703689657406,42.7003145019071,43.288116455078125,3667400,0.0,0
2022-04-21,CARR,43.70654858759726,44.51353206696165,42.411392872944845,42.66046142578125,3841000,0.0,0
2022-04-22,CARR,42.30180132964785,42.39146615905204,41.45496978565181,41.51474380493164,4065400,0.0,0
2022-04-25,CARR,41.245754032884776,41.863442982224186,40.62806128306083,41.80366516113281,3254000,0.0,0
2022-04-26,CARR,41.44500788891664,41.624337560590995,39.78123169119703,39.90078353881836,5155000,0.0,0
2022-04-27,CARR,39.94063580795642,40.7775063503721,39.85097097125171,40.11000061035156,4349400,0.0,0
2022-04-28,CARR,36.279998779296875,39.654998779296875,36.22999954223633,39.40999984741211,15034800,0.15,0
2022-04-29,CARR,39.560001373291016,39.59000015258789,38.099998474121094,38.27000045776367,8408100,0.0,0
2022-05-02,CARR,38.540000915527344,39.040000915527344,37.625999450683594,38.599998474121094,7172200,0.0,0
2022-05-03,CARR,38.61000061035156,38.779998779296875,38.040000915527344,38.380001068115234,9902700,0.0,0
2022-05-04,CARR,38.4900016784668,39.57500076293945,37.310001373291016,39.40999984741211,7947300,0.0,0
2022-05-05,CARR,38.959999084472656,39.43000030517578,37.56999969482422,37.959999084472656,5054100,0.0,0
2022-05-06,CARR,37.779998779296875,38.0,37.06999969482422,37.779998779296875,4821000,0.0,0
2022-05-09,CARR,37.220001220703125,38.790000915527344,37.02000045776367,38.130001068115234,6091700,0.0,0
2022-05-10,CARR,38.61000061035156,38.900001525878906,37.21500015258789,38.09000015258789,5792700,0.0,0
2022-05-11,CARR,38.06999969482422,38.7599983215332,37.529998779296875,37.59000015258789,4809700,0.0,0
2022-05-12,CARR,37.5099983215332,39.13999938964844,37.279998779296875,39.099998474121094,7032900,0.0,0
2022-05-13,CARR,39.59000015258789,40.43000030517578,39.59000015258789,40.189998626708984,5070700,0.0,0
2022-05-16,CARR,39.93000030517578,40.275001525878906,39.2599983215332,39.86000061035156,5684800,0.0,0
2022-05-17,CARR,40.619998931884766,40.72999954223633,39.31999969482422,40.18000030517578,6868800,0.0,0
2022-05-18,CARR,38.75,39.47999954223633,37.20000076293945,37.36000061035156,7059600,0.0,0
2022-05-19,CARR,37.099998474121094,38.0099983215332,36.90999984741211,37.40999984741211,4142300,0.0,0
2022-05-20,CARR,37.959999084472656,38.22999954223633,36.97999954223633,37.959999084472656,5539600,0.0,0
2022-05-23,CARR,38.52000045776367,38.58000183105469,37.65999984741211,38.27000045776367,3170200,0.0,0
2022-05-24,CARR,38.04999923706055,38.25,37.0,37.939998626708984,3252900,0.0,0
2022-05-25,CARR,37.68000030517578,38.46500015258789,37.56999969482422,38.290000915527344,3608400,0.0,0
2022-05-26,CARR,38.70000076293945,39.46500015258789,38.70000076293945,39.33000183105469,3907900,0.0,0
2022-05-27,CARR,39.7599983215332,40.3650016784668,39.75,40.22999954223633,3359700,0.0,0
2022-05-31,CARR,39.779998779296875,39.9900016784668,38.79999923706055,39.310001373291016,14520500,0.0,0
2022-06-01,CARR,39.27000045776367,39.40999984741211,38.5099983215332,38.939998626708984,2855700,0.0,0
2022-06-02,CARR,39.2599983215332,40.099998474121094,39.0099983215332,40.08000183105469,3231700,0.0,0
2022-06-03,CARR,39.650001525878906,39.89500045776367,39.45000076293945,39.59000015258789,3212600,0.0,0
2022-06-06,CARR,39.77000045776367,40.14500045776367,39.540000915527344,39.56999969482422,2514800,0.0,0
2022-06-07,CARR,39.2400016784668,40.0099983215332,39.13999938964844,39.9900016784668,2806200,0.0,0
2022-06-08,CARR,39.75,39.81999969482422,39.15999984741211,39.38999938964844,2830000,0.0,0
2022-06-09,CARR,39.189998626708984,39.599998474121094,38.84000015258789,38.849998474121094,2070500,0.0,0
2022-06-10,CARR,38.27000045776367,38.27000045776367,37.02000045776367,37.34000015258789,3462600,0.0,0
