Date,Symbol,Open,High,Low,Close,Volume,Dividends,Stock Splits
2019-05-24,CTVA,28.42607933899452,30.575950885641166,27.231706257524163,27.709455490112305,44000,0.0,0
2019-05-28,CTVA,27.9483302128804,29.14270329890093,27.24126156465249,27.484912872314453,61500,0.0,0
2019-05-29,CTVA,28.569404123785368,28.569404123785368,26.429087752055352,27.231706619262695,207800,0.0,0
2019-05-30,CTVA,27.69990155019746,27.862336369585066,26.964167261061313,27.518356323242188,666000,0.0,0
2019-05-31,CTVA,27.231707857831022,27.317702870547993,25.769794464111328,25.769794464111328,853800,0.0,0
2019-06-03,CTVA,25.358929113962308,25.798457515365072,23.285497455569406,23.705915451049805,19259600,0.0,0
2019-06-04,CTVA,23.26638543776888,26.69662469703896,23.26638543776888,26.515079498291016,20135100,0.0,0
2019-06-05,CTVA,26.314429920088596,26.96416737798775,25.28248977658509,26.763513565063477,10740200,0.0,0
2019-06-06,CTVA,26.457754164796107,26.457754164796107,25.062725397120396,25.702909469604492,13986100,0.0,0
2019-06-07,CTVA,25.005392872545137,25.731571865705682,24.57064117915274,25.139162063598633,10049100,0.0,0
2019-06-10,CTVA,24.90984726369416,25.550031374262414,24.002124721673965,24.18366813659668,10247200,0.0,0
2019-06-11,CTVA,23.897016744820494,24.23144157089534,23.438377920616034,23.83968734741211,11641200,0.0,0
2019-06-12,CTVA,23.992566515675758,24.317436132482616,23.390601475281844,23.954345703125,13392000,0.0,0
2019-06-13,CTVA,23.94479399904994,24.06900983552297,23.600815748170668,23.85879898071289,9710800,0.0,0
2019-06-14,CTVA,23.658139474830264,24.1167782475729,23.45748387271256,24.06900405883789,7036800,0.0,0
2019-06-17,CTVA,24.39387755044605,25.702909485024893,24.317437742751434,24.79518699645996,13710100,0.0,0
2019-06-18,CTVA,24.871624298884342,26.343090904404875,24.604084087667616,26.085105895996094,14485400,0.0,0
2019-06-19,CTVA,26.257094476000233,26.257094476000233,25.67424171610961,25.94178009033203,10228800,0.0,0
2019-06-20,CTVA,26.151995359060454,26.37175958181226,25.24427103382465,25.951339721679688,7728000,0.0,0
2019-06-21,CTVA,25.674243388881894,26.476860386311124,25.674243388881894,25.99911117553711,12548900,0.0,0
2019-06-24,CTVA,25.932229056953027,27.183933421031337,25.84910078838886,26.763513565063477,6494900,0.0,0
2019-06-25,CTVA,26.773067327840018,26.83995192854807,26.257097283860126,26.438642501831055,6698600,0.0,0
2019-06-26,CTVA,26.68706919544379,28.067764018996044,26.610629400375903,27.957881927490234,6735100,0.0,0
2019-06-27,CTVA,28.072544136589688,28.98026840851631,27.957885341221946,28.25408935546875,5879600,0.0,0
2019-06-28,CTVA,28.28275496554503,28.426079370989054,27.957885341221946,28.25408935546875,15517800,0.0,0
2019-07-01,CTVA,28.263643594022664,29.381576834274284,27.66168038271885,28.359193801879883,5272900,0.0,0
2019-07-02,CTVA,28.18720215770543,28.282752360021863,26.887723780126368,27.69989776611328,5438300,0.0,0
2019-07-03,CTVA,27.499247738143296,27.61390653861174,26.94505867596242,27.518356323242188,2234900,0.0,0
2019-07-05,CTVA,27.183931309753813,28.015213930832772,27.002386096111255,27.365474700927734,2888200,0.0,0
2019-07-08,CTVA,27.126601071759456,27.126601071759456,26.409977216838282,26.53419303894043,3478600,0.0,0
2019-07-09,CTVA,26.247544972051145,26.53419563555221,25.636026472532432,25.78890609741211,5285700,0.0,0
2019-07-10,CTVA,25.616913241274954,25.798458459242333,25.26337983111965,25.320709228515625,5133700,0.0,0
2019-07-11,CTVA,25.368483027012786,25.607357638651205,24.80473879774862,25.25382423400879,6066200,0.0,0
2019-07-12,CTVA,25.24427087383106,26.495973419906996,25.09139125701883,26.37175941467285,5154500,0.0,0
2019-07-15,CTVA,26.190216335555874,27.011945710207588,26.180661130912373,26.830400466918945,3443100,0.0,0
2019-07-16,CTVA,26.687074272347907,27.231708143625404,26.481641942309018,26.620189666748047,3735900,0.0,0
2019-07-17,CTVA,26.371757894778042,26.47686148623598,25.655134048846406,25.68379783630371,3999300,0.0,0
2019-07-18,CTVA,25.397150429793186,25.779349470908038,25.237582352908596,25.464035034179688,3009800,0.0,0
2019-07-19,CTVA,25.5978048994787,26.257097531946204,25.454478670928747,26.17110252380371,4694800,0.0,0
2019-07-22,CTVA,26.123327799913287,26.610632228689962,25.99911198068288,26.52463722229004,2546100,0.0,0
2019-07-23,CTVA,26.4195325602971,27.212596224381222,26.228433958119805,26.86861801147461,2921400,0.0,0
2019-07-24,CTVA,26.534193733304445,27.250817606978696,26.400422704273165,27.059717178344727,2311800,0.0,0
2019-07-25,CTVA,26.849505366008295,27.13615415660999,26.515080561993937,26.7730655670166,3532200,0.0,0
2019-07-26,CTVA,26.486421526161802,27.255598219514123,26.41953691325621,27.212600708007812,3052700,0.0,0
2019-07-29,CTVA,27.097939046875744,27.661683328553877,27.05971823067507,27.499248504638672,6245200,0.0,0
2019-07-30,CTVA,26.875353093587965,28.113539882725433,26.683385553481365,27.959964752197266,7142300,0.13,0
2019-07-31,CTVA,27.931168408346682,28.938993327058675,27.55683192164219,28.315101623535156,7662000,0.0,0
2019-08-01,CTVA,28.31510433959961,31.463358836872505,28.132735358364997,29.994813919067383,11564200,0.0,0
2019-08-02,CTVA,29.697266387070894,30.273167190344534,29.610881175042937,30.196378707885742,7305800,0.0,0
2019-08-05,CTVA,29.399715964681995,29.72605968612865,28.449480480730195,28.699037551879883,5552500,0.0,0
2019-08-06,CTVA,28.85261041606331,29.006183714334373,28.286308192161968,28.8430118560791,5355900,0.0,0
2019-08-07,CTVA,28.391889673551262,29.591682174682973,28.24791493956307,29.409313201904297,4925200,0.0,0
2019-08-08,CTVA,29.476499103385144,30.51312150500657,29.4381066981795,30.340351104736328,3962600,0.0,0
2019-08-09,CTVA,30.65710035245091,30.71468988337555,29.966018658402525,30.35955047607422,4753200,0.0,0
2019-08-12,CTVA,30.225176235813823,30.551519983253225,28.324705116540816,28.439884185791016,7112500,0.0,0
2019-08-13,CTVA,28.15193330424346,28.938996951643375,28.017557119781486,28.411088943481445,6855400,0.0,0
2019-08-14,CTVA,27.95036955375898,28.18072951606133,27.144108770331627,27.201698303222656,4580100,0.0,0
2019-08-15,CTVA,27.767999939904257,28.055949428628534,26.80816586983906,27.278484344482422,3561600,0.0,0
2019-08-16,CTVA,27.537639061712298,29.092569177996015,27.41285961156399,29.025381088256836,4285100,0.0,0
2019-08-19,CTVA,29.51489726959016,29.601282481228502,29.034980240816335,29.342126846313477,4207300,0.0,0
2019-08-20,CTVA,29.3901193958391,29.447708926191883,28.88140669063141,29.044578552246094,3073700,0.0,0
2019-08-21,CTVA,29.082968546730132,29.735655938979473,29.063773258698923,29.351722717285156,2815400,0.0,0
2019-08-22,CTVA,29.543694190150454,29.706866060010405,28.996587216569495,29.073375701904297,3351400,0.0,0
2019-08-23,CTVA,28.60305034276008,28.948591142925746,27.652814973042435,27.883174896240234,3911600,0.0,0
2019-08-26,CTVA,28.1711286193699,28.291107870874253,27.518441198268118,27.85438346862793,3479800,0.0,0
2019-08-27,CTVA,27.97915915432384,28.24791331821736,27.388861497336926,27.57602882385254,3528400,0.0,0
2019-08-28,CTVA,27.336073664353698,28.34390052855916,27.1729018004769,27.99835968017578,5091800,0.0,0
2019-08-29,CTVA,28.363096917537817,29.013865784642626,28.334303066215547,28.51667022705078,3135600,0.0,0
2019-08-30,CTVA,28.79502142969963,28.82381711019507,28.084744454122287,28.142333984375,5220200,0.0,0
2019-09-03,CTVA,27.825589218613118,27.931171551196943,26.875353717573216,27.096115112304688,3279100,0.0,0
2019-09-04,CTVA,27.470451103495172,27.681613933791894,27.038525052049433,27.288082122802734,2962100,0.0,0
2019-09-05,CTVA,27.585633495909757,27.82559203553744,26.827365462670233,27.316879272460938,4972700,0.0,0
2019-09-06,CTVA,27.30727855405603,27.652817555756364,26.769770185654437,27.24968719482422,5140000,0.0,0
2019-09-09,CTVA,27.211293070854207,27.66241437197238,26.894547937997192,27.595226287841797,4661000,0.0,0
2019-09-10,CTVA,27.547235053351525,27.95996211337324,27.009726724077623,27.412857055664062,3682900,0.0,0
2019-09-11,CTVA,27.355270524849946,28.123137035357484,26.980935829819792,28.094343185424805,3033600,0.0,0
2019-09-12,CTVA,28.31510430039504,28.88140653286199,27.739203507798695,28.699037551879883,7967600,0.0,0
2019-09-13,CTVA,28.833415376566588,29.130963415701647,28.69903736636193,28.910202026367188,4919600,0.0,0
2019-09-16,CTVA,28.843009827474656,28.85260838678377,27.681611612141655,28.219118118286133,3300700,0.0,0
2019-09-17,CTVA,28.14233224311981,28.286306975212504,27.79679142150691,27.815988540649414,4118200,0.0,0
2019-09-18,CTVA,27.595228961993378,28.27671025934394,27.595228961993378,27.979162216186523,3606000,0.0,0
2019-09-19,CTVA,28.084743417509824,28.51666762457003,27.89277588276878,27.969562530517578,3222400,0.0,0
2019-09-20,CTVA,28.17112888536907,28.382291710944873,27.69121187482015,27.758399963378906,6865000,0.0,0
2019-09-23,CTVA,27.489645095746088,27.835185920596572,27.302477759198098,27.72000503540039,3314300,0.0,0
2019-09-24,CTVA,27.556834227375397,27.8255884158635,26.837919839656102,27.105712890625,2840500,0.0,0
2019-09-25,CTVA,27.086517067574935,27.355271268931954,26.654592830192623,27.06732177734375,3154200,0.0,0
2019-09-26,CTVA,26.980936962232594,27.067322177132624,26.38583901855886,26.529813766479492,3532100,0.0,0
2019-09-27,CTVA,26.443431116969748,27.096118656984093,26.213071131800877,26.68338966369629,4534900,0.0,0
2019-09-30,CTVA,26.77936909027981,27.211295136388404,26.644992911818523,26.87535285949707,6245000,0.0,0
2019-10-01,CTVA,26.90414978700932,27.240090248739843,26.136281428403894,26.44342803955078,5843200,0.0,0
2019-10-02,CTVA,26.059493496883935,26.558607630875315,25.550782633661054,25.857929229736328,5181600,0.0,0
2019-10-03,CTVA,25.829132516525426,26.06909101395189,25.445199286790697,25.800336837768555,3622400,0.0,0
2019-10-04,CTVA,25.915521766318328,25.951995566140422,24.764681204256256,24.85010528564453,4851400,0.0,0
2019-10-07,CTVA,24.955684661865234,25.406805994764003,24.696529035614873,24.955684661865234,5474100,0.0,0
2019-10-08,CTVA,24.610139842892526,25.368409479006104,24.562148881683893,25.16684341430664,6214200,0.0,0
2019-10-09,CTVA,25.713952376708,25.752344782690592,24.706125631648888,25.118854522705078,3916700,0.0,0
2019-10-10,CTVA,25.11885687826854,25.646764867515948,24.67733226826721,24.696529388427734,3003300,0.0,0
2019-10-11,CTVA,25.051667743717793,26.03069886221836,24.946085417976146,25.589174270629883,4555600,0.0,0
2019-10-14,CTVA,25.3396165979691,25.69475597458183,25.147650901229213,25.272428512573242,3064900,0.0,0
2019-10-15,CTVA,25.166847475268764,26.001903882504863,25.01807437307305,25.6275691986084,3826500,0.0,0
2019-10-16,CTVA,25.291626836170696,26.13627996968275,25.2340373074794,25.790740966796875,3023500,0.0,0
2019-10-17,CTVA,25.96350981868411,26.117083117258577,25.589175132251107,25.69475746154785,2196500,0.0,0
2019-10-18,CTVA,25.53158224955907,25.56997465379102,24.610140748399612,24.994075775146484,4332300,0.0,0
2019-10-21,CTVA,25.23403687857596,25.512387788134504,24.40857904816592,24.475767135620117,3318300,0.0,0
2019-10-22,CTVA,24.485365871202312,25.00367528581268,24.216611688717396,24.936487197875977,4166600,0.0,0
2019-10-23,CTVA,24.850100757604555,24.97488019821557,24.202213563796143,24.581348419189453,4140000,0.0,0
2019-10-24,CTVA,24.600546521782206,25.483593943475352,24.475768897632815,25.31082534790039,5359700,0.0,0
2019-10-25,CTVA,25.310823536411345,25.877123915508236,25.18604409045417,25.656362533569336,2676900,0.0,0
2019-10-28,CTVA,25.71395458155419,26.049895027974515,25.531585602970214,25.69475746154785,2943500,0.0,0
2019-10-29,CTVA,25.445201507996433,26.145879942269385,25.358816294922978,25.704357147216797,2837000,0.0,0
2019-10-30,CTVA,25.963510834025275,26.481822110037026,25.829134650202167,26.376239776611328,5993500,0.0,0
2019-10-31,CTVA,25.43560019339561,26.37623704418935,24.23580773144299,25.320419311523438,7084400,0.0,0
2019-11-01,CTVA,25.128454208374023,25.531584558322088,24.485365360379202,25.128454208374023,10081500,0.0,0
2019-11-04,CTVA,25.11885802266078,25.35881654338519,24.619743860176833,24.70612907409668,8316200,0.0,0
2019-11-05,CTVA,24.456570706734233,24.984480523009182,23.76549086245615,24.62934112548828,8240500,0.0,0
2019-11-06,CTVA,24.782915360735686,25.2628323950822,24.686931587718746,25.080463409423828,6560000,0.0,0
2019-11-07,CTVA,25.40680555598796,25.41640411576533,25.07086511747043,25.099658966064453,4554200,0.0,0
2019-11-08,CTVA,25.0516698057497,25.304106636970996,24.869300818295322,25.147653579711914,2998800,0.0,0
2019-11-11,CTVA,24.994081341619538,25.665964126586914,24.6581390337667,25.665964126586914,3258300,0.0,0
2019-11-12,CTVA,25.8483289322368,26.14587694834122,25.464395712950775,25.64676284790039,4665500,0.0,0
2019-11-13,CTVA,25.4356028434327,25.473997084969575,24.437374532332328,24.686931610107422,3759900,0.0,0
2019-11-14,CTVA,24.67733047868731,25.78114100827413,24.67733047868731,25.320419311523438,7274500,0.0,0
2019-11-15,CTVA,25.502788869149505,25.55078166718223,24.413377068770433,24.45656967163086,4788600,0.0,0
2019-11-18,CTVA,24.475766790843945,24.730122212834186,24.34139061782843,24.45656967163086,4656400,0.0,0
2019-11-19,CTVA,24.52375947999782,24.883697252193905,24.293399525480908,24.667736053466797,4135100,0.0,0
2019-11-20,CTVA,24.590949087666402,24.667735738190636,23.91426615781592,23.976654052734375,4531200,0.0,0
2019-11-21,CTVA,23.96705668945991,24.389384203802756,23.928664277649606,24.1014347076416,4165700,0.0,0
2019-11-22,CTVA,24.024646487439007,24.547756108269947,24.024646487439007,24.514162063598633,11212400,0.0,0
2019-11-25,CTVA,24.70613120950323,25.061270656395678,24.619745988116915,24.888500213623047,6107900,0.0,0
2019-11-26,CTVA,24.744519855004697,25.152448550881505,24.667733212343016,24.84050178527832,7580900,0.0,0
2019-11-27,CTVA,24.85979655956598,25.29390132492523,24.772975238498024,25.129905700683594,6745600,0.13,0
2019-11-29,CTVA,25.052734219670192,25.158849588480468,24.64756862237183,25.100969314575195,8233100,0.0,0
2019-12-02,CTVA,25.110618150219562,25.21673168672604,24.155585281776077,24.290639877319336,7232800,0.0,0
2019-12-03,CTVA,23.9433516375848,23.99158673015494,23.441717714739227,23.779356002807617,8645000,0.0,0
2019-12-04,CTVA,24.020526757434453,24.321507121312735,23.75041758983654,23.962646484375,13263000,0.0,0
2019-12-05,CTVA,24.088055262883106,24.20381765481479,23.248784821306383,23.9433536529541,7510700,0.0,0
2019-12-06,CTVA,24.116998017520274,24.657218257918068,24.059117737472885,24.367815017700195,5835800,0.0,0
2019-12-09,CTVA,24.570395277863156,25.207083835830343,24.49804539262827,24.859800338745117,6603500,0.0,0
2019-12-10,CTVA,24.782627538748088,24.965915397865103,24.522163520026957,24.956270217895508,5134600,0.0,0
2019-12-11,CTVA,24.97556035295879,25.34213972084767,24.91768007802188,25.274612426757812,5215000,0.0,0
2019-12-12,CTVA,25.197436210350315,26.118705310094303,25.081673829239275,26.02705955505371,4930200,0.0,0
2019-12-13,CTVA,26.027063820501496,26.191059480629885,25.525429820111025,25.554370880126953,6268800,0.0,0
2019-12-16,CTVA,25.988473770842862,26.586574203649757,25.901652443503046,26.576927185058594,9527400,0.0,0
2019-12-17,CTVA,26.297172963026334,26.57692916306854,25.64119036985041,25.824480056762695,9227900,0.0,0
2019-12-18,CTVA,25.766595766457453,26.953153281618004,25.554366879508567,26.837390899658203,13869000,0.0,0
2019-12-19,CTVA,26.76021661398091,27.27149755476012,26.49010561583669,26.73127555847168,11975100,0.0,0
2019-12-20,CTVA,26.702339096365414,27.252206327876067,26.47081614835992,27.18467903137207,30573900,0.0,0
2019-12-23,CTVA,27.194329039959676,27.72972672106273,27.10750769491696,27.647727966308594,5970800,0.0,0
2019-12-24,CTVA,27.58983948932605,28.014299067925663,27.377608780036,27.792421340942383,1698400,0.0,0
2019-12-26,CTVA,27.66701541276457,28.168649322335895,27.61878032147083,28.15900230407715,2599300,0.0,0
2019-12-27,CTVA,28.168651385642843,28.24582569738512,27.956420648366027,28.110769271850586,2738200,0.0,0
2019-12-30,CTVA,28.101124172498114,28.197592528760985,27.77313470517372,27.840662002563477,2795600,0.0,0
2019-12-31,CTVA,27.83101036331614,28.544873137199122,27.792422291223815,28.515932083129883,3414500,0.0,0
2020-01-02,CTVA,28.757104481959313,28.757104481959313,27.705603346941405,27.724897384643555,6896100,0.0,0
2020-01-03,CTVA,27.416203753989656,27.879249679972954,27.358323473236982,27.396909713745117,5611400,0.0,0
2020-01-06,CTVA,27.088209224684803,27.49433897188018,26.98691828535711,27.358320236206055,6972800,0.0,0
2020-01-07,CTVA,27.310081253586972,27.705599775593775,27.175026687042347,27.46442985534668,6014800,0.0,0
2020-01-08,CTVA,27.493375020751554,27.76348603422569,27.107503458631893,27.686311721801758,3684500,0.0,0
2020-01-09,CTVA,27.782777306381536,27.831012400026847,27.37761171966436,27.71525001525879,3703200,0.0,0
2020-01-10,CTVA,27.792426632666594,27.9081890270462,27.31973371557981,27.348674774169922,4498700,0.0,0
2020-01-13,CTVA,27.339029859325645,27.589846866473152,27.16056458423297,27.570552825927734,4735100,0.0,0
2020-01-14,CTVA,27.551255100961598,27.773132857600313,27.300438127355765,27.628429412841797,5370600,0.0,0
2020-01-15,CTVA,27.63807783196686,27.86960077933639,27.469259591170584,27.66701889038086,6336800,0.0,0
2020-01-16,CTVA,27.753837707937805,28.226530579267614,27.51749035228257,28.187942504882812,5847900,0.0,0
2020-01-17,CTVA,27.454786549875134,27.618782191416077,26.654102379994224,27.300437927246094,8668600,0.0,0
2020-01-21,CTVA,27.068913823597164,27.348671840011306,26.73127553619344,26.837390899658203,5514000,0.0,0
2020-01-22,CTVA,26.83739111372897,27.252203712421135,26.528693879348005,27.165382385253906,8672900,0.0,0
2020-01-23,CTVA,27.020683092485633,27.503023022362246,26.538343162609017,27.44514274597168,4139400,0.0,0
2020-01-24,CTVA,27.31008445428442,27.353495118615776,26.731276209859907,26.962800979614258,4996200,0.0,0
2020-01-27,CTVA,26.268231869677166,26.557636928619065,26.017414887919834,26.20070457458496,4195000,0.0,0
2020-01-28,CTVA,26.335757587705697,26.60586859188026,26.046354386074917,26.58657455444336,5618800,0.0,0
2020-01-29,CTVA,26.57693189535429,27.001391588690254,26.538345654131557,26.81810188293457,3499600,0.0,0
2020-01-30,CTVA,26.953152412096497,28.40692474874955,26.625161153768964,28.20723533630371,9762200,0.0,0
2020-01-31,CTVA,27.76348591068046,28.120416414060056,27.45478682237767,27.898540496826172,6788300,0.0,0
2020-02-03,CTVA,28.033592413430902,29.191208824383573,27.80206949923648,29.056154251098633,9430800,0.0,0
2020-02-04,CTVA,29.52884885899812,30.011188752336967,28.983804264330633,29.856840133666992,5853400,0.0,0
2020-02-05,CTVA,29.249090147494467,30.589994430541992,28.64134270581973,30.589994430541992,5745300,0.0,0
2020-02-06,CTVA,30.86975217992619,30.937279468422883,30.194475614998062,30.474233627319336,6383600,0.0,0
2020-02-07,CTVA,30.300593148200925,30.319887186291304,29.707315276777326,29.943662643432617,3716100,0.0,0
2020-02-10,CTVA,29.654259689608022,29.919546292183142,29.388973087032905,29.51920509338379,3416600,0.0,0
2020-02-11,CTVA,29.577084193806964,30.242713808652397,29.33591423016537,29.432382583618164,3705400,0.0,0
2020-02-12,CTVA,29.654259863260023,29.991898195778653,29.56743852518435,29.847196578979492,3023400,0.0,0
2020-02-13,CTVA,29.596379411223477,29.943664761492506,29.379326067305332,29.51920509338379,4543000,0.0,0
2020-02-14,CTVA,29.57708336448947,29.83754735951459,29.4999090518873,29.625316619873047,3895500,0.0,0
2020-02-18,CTVA,29.59637812996076,30.36812127494794,29.528850834771976,30.29094696044922,3524700,0.0,0
2020-02-19,CTVA,30.290945377981092,30.676816930315873,30.117302719435266,30.406707763671875,3042600,0.0,0
2020-02-20,CTVA,30.26200594112666,30.94692955151528,30.213770847448203,30.454940795898438,2460300,0.0,0
2020-02-21,CTVA,30.242715172754725,30.551412445742876,30.078719516482156,30.117305755615234,3955200,0.0,0
2020-02-24,CTVA,29.393793903840635,29.79895950805418,29.200859040869894,29.577083587646484,3441300,0.0,0
2020-02-25,CTVA,29.538497529832213,29.731432393970728,27.232911459527873,27.377613067626953,5045600,0.0,0
2020-02-26,CTVA,27.406554444331782,28.29695427144128,27.319733110465325,27.493375778198242,4157900,0.0,0
2020-02-27,CTVA,27.126798876662583,27.657372071569576,26.277879556834392,26.326114654541016,4702500,0.0,0
2020-02-28,CTVA,25.592956584268638,26.23929214477539,24.94662102376188,26.23929214477539,9732700,0.0,0
2020-03-02,CTVA,26.43315202667021,27.392771169209862,26.037671614026493,27.373384475708008,7440100,0.13,0
2020-03-03,CTVA,27.606022159868072,28.362086646748235,26.646402916222314,27.063207626342773,8503900,0.0,0
2020-03-04,CTVA,27.32492293840706,28.032520698562507,26.956583112013075,28.013134002685547,6341400,0.0,0
2020-03-05,CTVA,27.14074801451708,27.55270505735359,26.32652542617623,26.471921920776367,3974300,0.0,0
2020-03-06,CTVA,25.70616977134777,25.764328007813926,24.155269291320018,24.52360725402832,5843700,0.0,0
2020-03-09,CTVA,22.5655980815673,23.573682228113388,22.168180061922957,22.362041473388672,7758500,0.0,0
2020-03-10,CTVA,23.651225110942217,25.19243216517224,23.147182156981614,25.114887237548828,6696200,0.0,0
2020-03-11,CTVA,24.24250622848034,24.872558993635174,23.69969173760415,24.232812881469727,6382300,0.0,0
2020-03-12,CTVA,22.168178134404247,24.184348101007917,21.57689690588891,21.654441833496094,6448100,0.0,0
2020-03-13,CTVA,23.09871892394693,24.23281472712926,20.888685555258608,24.058338165283203,7214500,0.0,0
2020-03-16,CTVA,20.849913444851467,22.62375536058163,19.93391336894072,20.10354232788086,6308300,0.0,0
2020-03-17,CTVA,20.578505049776098,23.399204430182667,20.084155426048962,21.974315643310547,7555300,0.0,0
2020-03-18,CTVA,20.433106723777822,22.68191135067751,19.75458725757124,20.908069610595703,7526200,0.0,0
2020-03-19,CTVA,20.530039376776994,24.03894964800695,19.909679958397533,22.54620933532715,5291400,0.0,0
2020-03-20,CTVA,22.488053025090007,22.526824567645765,20.462189546286925,21.838613510131836,10607100,0.0,0
2020-03-23,CTVA,21.53812271743242,22.80695277310304,20.762673470172242,21.247329711914062,8693500,0.0,0
2020-03-24,CTVA,22.303881502943735,23.234420642884153,20.84021936303097,21.64474868774414,8305600,0.0,0
2020-03-25,CTVA,22.05186058601739,24.368516996619327,21.460579336924724,22.681913375854492,5823500,0.0,0
2020-03-26,CTVA,22.40081534160551,24.087419086210993,22.182719631351116,23.399206161499023,7085600,0.0,0
2020-03-27,CTVA,22.400815728853622,24.048646109537145,21.969471899347692,22.497745513916016,4538800,0.0,0
2020-03-30,CTVA,22.56559775278597,23.573681884644248,22.20695128113343,23.350740432739258,4469500,0.0,0
2020-03-31,CTVA,23.4864425483117,23.816008961891402,22.63344832122226,22.778844833374023,4090400,0.0,0
2020-04-01,CTVA,22.536518332958668,22.875778118487055,21.66413734789788,21.81922721862793,6706600,0.0,0
2020-04-02,CTVA,22.148791608995417,22.71099280063375,21.1474908517141,21.557510375976562,6302000,0.0,0
2020-04-03,CTVA,21.528430082275868,22.342652743218355,21.441193656790585,21.92584991455078,5961100,0.0,0
2020-04-06,CTVA,22.778844264671115,23.817947776236544,22.507436092964774,23.515522003173828,6132500,0.0,0
2020-04-07,CTVA,24.23281121642264,25.134272089484245,23.602758494559005,23.77723503112793,5777100,0.0,0
2020-04-08,CTVA,23.796622447887902,25.3669095979707,23.660919282025095,25.250591278076172,4231800,0.0,0
2020-04-09,CTVA,25.39598865596454,27.208602025349922,25.39598865596454,27.072898864746094,6076900,0.0,0
2020-04-13,CTVA,26.48161949706816,26.64640271028839,25.105195553939488,25.74494171142578,3453900,0.0,0
2020-04-14,CTVA,26.743333008729866,26.990506891861873,25.240899317873243,25.628623962402344,2853300,0.0,0
2020-04-15,CTVA,25.26997977310653,25.347524708954897,23.859629981302614,24.72716522216797,2927100,0.0,0
2020-04-16,CTVA,24.60115322948556,24.95398333014354,23.82570388097567,24.38790512084961,2663500,0.0,0
2020-04-17,CTVA,25.14396994565935,25.507462179101775,24.155270626979853,24.72716522216797,5696900,0.0,0
2020-04-20,CTVA,25.06642429267866,25.06642429267866,23.816010157977964,23.874168395996094,4242500,0.0,0
2020-04-21,CTVA,23.27319367353028,24.184347953988347,23.127797166252808,23.52521514892578,5773900,0.0,0
2020-04-22,CTVA,23.990486009093328,24.441216500199832,23.54460311615446,24.17465591430664,3936700,0.0,0
2020-04-23,CTVA,24.504222239414606,25.0470367566094,24.242507403889313,24.62053871154785,2754500,0.0,0
2020-04-24,CTVA,24.795016181710736,25.861260409223554,24.601152922593112,25.463842391967773,3851300,0.0,0
2020-04-27,CTVA,25.521998209582765,25.744939642251563,24.727162250456168,24.77562713623047,4908800,0.0,0
2020-04-28,CTVA,25.34752193052087,25.701320777098932,25.01795552708601,25.386295318603516,3812800,0.0,0
2020-04-29,CTVA,25.996960610239864,26.423458622265862,25.648007523235243,26.21990203857422,2008800,0.0,0
2020-04-30,CTVA,25.880644923755806,25.880644923755806,25.066422262189317,25.386295318603516,2678300,0.0,0
2020-05-01,CTVA,25.037343442831578,25.037343442831578,24.320052367654373,24.70777702331543,2457600,0.0,0
2020-05-04,CTVA,24.378212058901404,24.67869845387222,24.056401407461934,24.63992691040039,4121600,0.0,0
2020-05-05,CTVA,24.620537738595583,25.69647523180276,24.43636784137613,25.376602172851562,2412300,0.0,0
2020-05-06,CTVA,25.386293084202627,25.909720835529964,24.242504119873047,24.242504119873047,3304300,0.0,0
2020-05-07,CTVA,25.17304756229351,26.413768356156858,25.17304756229351,25.63831901550293,4475300,0.0,0
2020-05-08,CTVA,25.9000283513808,26.14235646718315,24.678694425878955,25.182737350463867,4765100,0.0,0
2020-05-11,CTVA,24.32974402538413,24.37820891066938,23.54460142109856,23.631837844848633,6871900,0.0,0
2020-05-12,CTVA,23.544602102261436,23.69969195824133,22.50743614827262,22.536516189575195,4881100,0.0,0
2020-05-13,CTVA,22.439586064275034,22.68191421151087,21.693214927072567,22.555904388427734,4581500,0.0,0
2020-05-14,CTVA,22.19524511193051,22.7703526103715,21.815088141934957,22.731361389160156,3357400,0.13,0
2020-05-15,CTVA,22.61438625661068,22.68261901887543,22.04902669315558,22.195240020751953,3601200,0.0,0
2020-05-18,CTVA,23.092017932977726,23.667125311486746,22.45842559405181,23.403940200805664,5834600,0.0,0
2020-05-19,CTVA,23.50141889033835,23.764602169992173,22.994544221250834,23.38444709777832,6195900,0.0,0
2020-05-20,CTVA,24.05703151124417,24.958682059002697,24.02778809734362,24.456682205200195,4719600,0.0,0
2020-05-21,CTVA,24.310468135660827,24.83683655588961,23.89132184482474,23.93031120300293,4021000,0.0,0
2020-05-22,CTVA,23.881573435095895,24.04728238636062,23.63788391024798,23.920564651489258,3830600,0.0,0
2020-05-26,CTVA,24.788097645008143,25.40219440182876,24.563903738486605,24.992795944213867,3797800,0.0,0
2020-05-27,CTVA,25.236486311253984,25.51429221768444,24.81734003581056,25.148757934570312,5831000,0.0,0
2020-05-28,CTVA,25.59714670232184,26.77660305437689,25.26572881546927,26.308719635009766,4069200,0.0,0
2020-05-29,CTVA,26.055283983058438,26.737615407640988,26.03578837453812,26.620643615722656,6293700,0.0,0
2020-06-01,CTVA,26.41594594882578,26.56215929789088,25.831090693361773,26.14301300048828,3167100,0.0,0
2020-06-02,CTVA,26.250236023562596,27.32247030920572,26.074779267467818,27.302974700927734,4302500,0.0,0
2020-06-03,CTVA,27.45893333844798,28.219245258949773,27.439437731952285,27.780603408813477,3287700,0.0,0
2020-06-04,CTVA,28.073031704826363,29.418198884137972,27.907322758366337,29.408451080322266,6759100,0.0,0
2020-06-05,CTVA,30.217500848038952,30.890084452007773,29.720373998079697,29.87633514404297,4189400,0.0,0
2020-06-08,CTVA,28.94057058773718,30.042046501782245,28.57016144198492,29.252492904663086,4850400,0.0,0
2020-06-09,CTVA,28.891829125426867,29.208626247621122,28.345965116874016,28.84309196472168,5365200,0.0,0
2020-06-10,CTVA,28.735869283840426,29.36946169777081,28.404451370239258,28.404451370239258,4184300,0.0,0
2020-06-11,CTVA,27.71237125918094,27.722119062644726,26.337962577245076,26.415943145751953,5928500,0.0,0
2020-06-12,CTVA,27.72211904878535,27.770856206876505,26.513419307931304,26.844837188720703,3843900,0.0,0
2020-06-15,CTVA,26.065031108854743,26.425692420278445,25.850584998323917,26.094274520874023,5109000,0.0,0
2020-06-16,CTVA,27.66363324058821,27.995051133508312,26.757109796169267,27.117769241333008,8797100,0.0,0
2020-06-17,CTVA,27.06903403765145,27.186003973486017,26.386702594869906,26.659635543823242,5295300,0.0,0
2020-06-18,CTVA,26.659632524242,26.874078621785387,26.523165135620392,26.78635025024414,4402000,0.0,0
2020-06-19,CTVA,27.283481149452644,27.283481149452644,26.05528562340351,26.445188522338867,6693100,0.0,0
2020-06-22,CTVA,26.289226063332794,26.95206188836189,25.840838216521107,26.88382911682129,3936700,0.0,0
2020-06-23,CTVA,27.137265602068602,27.20549837146864,26.67912996523725,26.727867126464844,3022700,0.0,0
2020-06-24,CTVA,26.191752999099513,26.240490164203024,25.3729559827755,25.411945343017578,3985000,0.0,0
2020-06-25,CTVA,25.324215884684378,25.70437282134653,25.07077854664414,25.538663864135742,5600200,0.0,0
2020-06-26,CTVA,25.450934462856083,25.499671623938962,24.890447814385368,25.265729904174805,4319200,0.0,0
2020-06-29,CTVA,25.68487709976436,25.95780818629982,25.38270260001285,25.48017692565918,3931000,0.0,0
2020-06-30,CTVA,25.46068155139408,26.396448404152938,25.14875740793766,26.11376953125,4590500,0.0,0
2020-07-01,CTVA,26.269731643885045,26.708371675119572,25.79209853687314,26.357460021972656,4838000,0.0,0
2020-07-02,CTVA,26.688874203223975,27.40044898238108,26.688874203223975,26.87407875061035,3766400,0.0,0
2020-07-06,CTVA,27.50767041926598,27.50767041926598,26.396446880937482,26.8350887298584,3668300,0.0,0
2020-07-07,CTVA,26.581652755520345,26.581652755520345,26.22099145509293,26.454933166503906,5931800,0.0,0
2020-07-08,CTVA,26.396451074200883,26.445188238843958,24.797848276101252,25.207246780395508,5560400,0.0,0
2020-07-09,CTVA,25.372952374653273,25.397320953739733,24.797844984036452,25.100019454956055,4392200,0.0,0
2020-07-10,CTVA,25.178001211336696,25.948060989379883,25.051283478587102,25.948060989379883,2464100,0.0,0
2020-07-13,CTVA,26.425691222145847,26.493923987893663,25.92856439557879,26.162506103515625,2782600,0.0,0
2020-07-14,CTVA,25.99679935881658,26.552411194532446,25.840838207008748,26.39645004272461,8445800,0.0,0
2020-07-15,CTVA,27.156760639091292,27.341963335223852,26.727866564335407,27.2347412109375,2994200,0.0,0
2020-07-16,CTVA,27.049537249350514,27.54178927133419,27.01542086461915,27.215246200561523,1977300,0.0,0
2020-07-17,CTVA,27.3517110506376,27.71237235626195,27.04953656811135,27.63439178466797,2704500,0.0,0
2020-07-20,CTVA,27.419944866549965,27.546664462236407,27.02029418945312,27.020294189453125,1677300,0.0,0
2020-07-21,CTVA,27.156760551254383,27.731867963961317,27.156760551254383,27.63439178466797,3064200,0.0,0
2020-07-22,CTVA,27.332218318982452,27.956062914943214,27.332218318982452,27.936567306518555,1954200,0.0,0
2020-07-23,CTVA,27.751361500931488,28.190003374806412,27.61002299419709,27.946313858032227,2428200,0.0,0
2020-07-24,CTVA,28.014546430495265,28.08277919724512,27.59540016708507,27.800100326538086,1877400,0.0,0
2020-07-27,CTVA,27.83909130869484,28.267985400871265,27.761110733681267,28.082780838012695,2683100,0.0,0
2020-07-28,CTVA,27.936565405901284,28.03404158218941,27.419942973016596,27.478429794311523,3500600,0.0,0
2020-07-29,CTVA,27.41994502079556,28.10227644656698,27.41994502079556,28.082780838012695,2840200,0.0,0
2020-07-30,CTVA,27.507671086161462,27.809847415723322,27.088526692723857,27.7611083984375,3311900,0.0,0
2020-07-31,CTVA,27.68312920264891,27.975557743253646,27.31272194892711,27.83909034729004,7305100,0.0,0
2020-08-03,CTVA,28.05353764532573,28.170507571410205,27.75136130800001,27.800100326538086,3600600,0.0,0
2020-08-04,CTVA,27.780607465645797,28.26603623937474,27.712374692150128,27.985305786132812,4663400,0.0,0
2020-08-05,CTVA,28.26798182199834,28.404447346193958,27.829339981079105,27.8293399810791,5502300,0.0,0
2020-08-06,CTVA,26.20149473836095,26.562156023518764,24.5833965752058,24.778348922729492,11668200,0.0,0
2020-08-07,CTVA,24.700369478328835,24.85633061975573,24.203242642829306,24.68087387084961,7460000,0.0,0
2020-08-10,CTVA,24.40794169347853,24.98304721434633,24.349454873699397,24.778348922729492,8355800,0.0,0
2020-08-11,CTVA,25.23648514947603,26.347710583245373,25.09514664617318,26.104021072387695,8120000,0.0,0
2020-08-12,CTVA,26.513420894660058,26.610895216675843,25.470428172578107,25.694623947143555,5139300,0.0,0
2020-08-13,CTVA,25.7925791261083,26.44890385198691,25.547681868219534,26.37053680419922,9040600,0.13,0
2020-08-14,CTVA,26.204010571652283,27.536252454684277,26.01788810424797,27.301151275634766,5367300,0.0,0
2020-08-17,CTVA,27.320743327128763,27.56564063732079,26.7751128972829,27.20319366455078,9275000,0.0,0
2020-08-18,CTVA,27.281554545844205,27.83991998758431,27.24237008825371,27.820327758789062,3124700,0.0,0
2020-08-19,CTVA,27.575432751740284,28.02604470867089,27.428494760634756,27.97706413269043,5122000,0.0,0
2020-08-20,CTVA,27.67339256534027,28.21216583251953,27.595025510688412,28.21216583251953,4583500,0.0,0
2020-08-21,CTVA,28.055429012593404,28.11420569921696,27.443185873398065,27.859512329101562,6864100,0.0,0
2020-08-24,CTVA,28.280738082499074,28.388491612759207,27.624413312076012,27.957473754882812,4409500,0.0,0
2020-08-25,CTVA,28.114208084887537,28.574614292000444,28.026044915888775,28.065227508544922,2344000,0.0,0
2020-08-26,CTVA,28.065226924462753,28.68236909461036,27.849717998294167,28.63338851928711,2458300,0.0,0
2020-08-27,CTVA,28.643182895058217,28.84889756208849,28.461959448411346,28.692163467407227,1791300,0.0,0
2020-08-28,CTVA,28.799919416880225,29.211346917196426,28.53542990915882,28.917470932006836,3202600,0.0,0
2020-08-31,CTVA,28.829305476206017,28.829305476206017,27.94767572214465,27.967266082763672,3974800,0.0,0
2020-09-01,CTVA,27.99665647274593,28.84889981396493,27.839922365830375,28.83910369873047,3797800,0.0,0
2020-09-02,CTVA,28.731347938407975,29.57379515380271,28.52563512632391,29.515018463134766,3610200,0.0,0
2020-09-03,CTVA,29.30930399559958,29.5933838441109,28.515837400578125,28.80971336364746,3800800,0.0,0
2020-09-04,CTVA,29.191758088301764,29.50522820902853,28.461965163724212,28.721555709838867,5136800,0.0,0
2020-09-08,CTVA,28.476656145094676,28.476656145094676,27.653801113853262,27.72237205505371,4213500,0.0,0
2020-09-09,CTVA,27.957476076918883,28.809717616682825,27.92808772890637,28.153392791748047,2818000,0.0,0
2020-09-10,CTVA,28.13379953567241,28.66277857013435,28.104413057147646,28.54522705078125,4138000,0.0,0
2020-09-11,CTVA,28.741147307267706,28.84890271727321,28.339515884324808,28.42767906188965,3131400,0.0,0
2020-09-14,CTVA,28.515840190462484,28.82930841331643,28.256247800321944,28.37869644165039,3917900,0.0,0
2020-09-15,CTVA,28.466858820474137,29.084001001904756,28.437472343160827,28.848899841308594,3127900,0.0,0
2020-09-16,CTVA,28.986041187942888,29.348488103245412,28.540328228799794,28.63338851928711,5769100,0.0,0
2020-09-17,CTVA,28.310124984516552,29.152572219367116,28.15339087595151,28.976245880126953,5728400,0.0,0
2020-09-18,CTVA,29.02522517370939,29.11338834510734,28.266043969709717,28.39828872680664,7175600,0.0,0
2020-09-21,CTVA,27.614616438082493,27.937880756815996,27.345229817207557,27.64400291442871,6130200,0.0,0
2020-09-22,CTVA,27.516658782958984,27.663596778624722,27.24237315420975,27.516658782958984,5703500,0.0,0
2020-09-23,CTVA,27.340336799718823,27.732172140104566,26.83094992300822,26.899520874023438,4874200,0.0,0
2020-09-24,CTVA,26.89951743652178,27.384414892821436,26.62523366751175,27.06604766845703,3031700,0.0,0
2020-09-25,CTVA,26.81135588984808,27.952576279393174,26.752579195516415,27.800739288330078,2556300,0.0,0
2020-09-28,CTVA,28.231758445739853,28.72155301105364,28.1631875055428,28.37869644165039,2714400,0.0,0
2020-09-29,CTVA,28.18278081699294,28.427678109038233,27.903598053534743,28.006454467773438,1972000,0.0,0
2020-09-30,CTVA,28.182779381942954,28.93706345145511,27.94277922585528,28.221961975097656,8009400,0.0,0
2020-10-01,CTVA,28.290534557616706,28.71175820189877,28.02604690031096,28.09461784362793,4918400,0.0,0
2020-10-02,CTVA,27.820331832277045,29.172165922401916,27.71257829496133,28.77053451538086,4851300,0.0,0
2020-10-05,CTVA,29.162369531205467,29.66196022341094,29.162369531205467,29.49542999267578,5166300,0.0,0
2020-10-06,CTVA,29.72073307211089,30.127261571953962,29.417060978062313,29.4758358001709,4972400,0.0,0
2020-10-07,CTVA,29.78930312038928,30.445627864340334,29.75012052962541,29.9068546295166,5575400,0.0,0
2020-10-08,CTVA,31.13623843829339,31.973786644664376,30.657219069202775,31.670116424560547,7033600,0.0,0
2020-10-09,CTVA,31.787664789047398,33.00235309431418,31.63093069363118,32.74766159057617,5323300,0.0,0
2020-10-12,CTVA,32.92399210335002,33.168889392143946,32.63011610416451,32.90439987182617,3968100,0.0,0
2020-10-13,CTVA,32.6301144719735,33.08072456397371,32.33819658949158,33.01215362548828,5405200,0.0,0
2020-10-14,CTVA,33.10032085542272,33.65868641549895,32.786852601935585,33.12970733642578,3363700,0.0,0
2020-10-15,CTVA,32.50277308654327,33.39909818774363,32.50277308654327,33.296241760253906,3035100,0.0,0
2020-10-16,CTVA,33.629292854395196,33.7076580328503,33.37459761653613,33.384395599365234,2802000,0.0,0
2020-10-19,CTVA,33.560720710589344,33.8350081979116,32.51256067913245,32.8358268737793,5716500,0.0,0
2020-10-20,CTVA,33.05133855545883,33.061132802451745,32.2480720391102,32.39501190185547,3697400,0.0,0
2020-10-21,CTVA,32.4243961135782,32.610520424959056,32.062928261743515,32.22848129272461,3451400,0.0,0
2020-10-22,CTVA,32.267660639180825,32.688884212362936,32.081540072570206,32.45378494262695,2646200,0.0,0
2020-10-23,CTVA,32.473377206439224,32.81133287415542,32.365621817345314,32.49296569824219,3552400,0.0,0
2020-10-26,CTVA,32.15990795165914,32.32643628429116,31.54766484021423,32.042354583740234,2679000,0.0,0
2020-10-27,CTVA,32.1109304384446,32.16970713141921,31.670118320060887,31.679912567138672,2268400,0.0,0
2020-10-28,CTVA,30.817873918111808,31.464402610910092,30.52399791899187,31.2097110748291,3974000,0.0,0
2020-10-29,CTVA,30.955017181826626,32.01787236975954,30.89624235661378,31.836647033691406,3936000,0.0,0
2020-10-30,CTVA,31.72888892613547,32.306846618652344,31.454605186241256,32.306846618652344,4327700,0.0,0
2020-11-02,CTVA,32.60071994607874,33.14929111824588,32.424393631340564,32.79663848876953,3722000,0.0,0
2020-11-03,CTVA,32.71827779836341,32.86521392289493,31.866032581369783,32.257869720458984,3620600,0.0,0
2020-11-04,CTVA,32.28725390818861,32.70357850342274,31.454604717720358,32.11092758178711,3832400,0.0,0
2020-11-05,CTVA,32.473384578361056,33.74684983427325,32.41460787910245,33.247257232666016,3876100,0.0,0
2020-11-06,CTVA,33.49215019488628,33.68708971248679,32.928889448303956,33.01215362548828,2576800,0.0,0
2020-11-09,CTVA,34.27581888364409,35.53948578468596,33.89377605555184,33.932960510253906,4633900,0.0,0
2020-11-10,CTVA,34.040721420015025,35.64724695532487,34.040721420015025,35.49051284790039,6713100,0.0,0
2020-11-11,CTVA,35.62765565489454,36.146840435471205,35.41214858708224,35.88235092163086,4494500,0.0,0
2020-11-12,CTVA,35.72505543319266,35.72505543319266,34.27501685227377,34.46671676635742,3750300,0.13,0
2020-11-13,CTVA,34.53552888350742,35.60708398194699,34.53552888350742,35.400634765625,3361500,0.0,0
2020-11-16,CTVA,36.27558161838196,36.93424211314364,35.72505655921693,36.79661178588867,3498000,0.0,0
2020-11-17,CTVA,36.38371036461488,36.663887407913165,35.9413283226714,36.3935432434082,3706200,0.0,0
2020-11-18,CTVA,36.60982583607709,36.904748481746395,36.069129943847656,36.069129943847656,2329400,0.0,0
2020-11-19,CTVA,36.019975748027505,36.67863992935809,35.774206258753146,36.33456039428711,3274100,0.0,0
2020-11-20,CTVA,36.30998647570978,36.63931669837963,36.226421997450736,36.53117752075195,2536500,0.0,0
2020-11-23,CTVA,36.89491414375793,37.65188461281951,36.885085014353514,37.150516510009766,2712000,0.0,0
2020-11-24,CTVA,37.51426170610223,38.34987662579487,37.2684921708814,38.24174118041992,4449400,0.0,0
2020-11-25,CTVA,38.123767159048406,38.23190634905361,37.67646857783494,37.927154541015625,2738900,0.0,0
2020-11-27,CTVA,37.88783386694481,38.310557783349076,37.67155546781361,37.760032653808594,1368500,0.0,0
2020-11-30,CTVA,37.760024101991995,37.93697843390568,37.10136367220368,37.671546936035156,4864600,0.0,0
2020-12-01,CTVA,38.045123956979545,38.77259966498967,37.59290892225482,37.66172409057617,3367500,0.0,0
2020-12-02,CTVA,37.484764245259655,38.020539941686174,37.26848589066444,37.62239456176758,3503800,0.0,0
2020-12-03,CTVA,37.51425475004834,37.96646971096812,37.21933211249826,37.56340789794922,2874200,0.0,0
2020-12-04,CTVA,37.740365473708906,38.16308933224369,37.602735147701324,37.995967864990234,3633500,0.0,0
2020-12-07,CTVA,37.83867334005213,38.11885041612185,37.19475470897302,37.297977447509766,3012900,0.0,0
2020-12-08,CTVA,37.12102790917464,37.804270648070876,36.97356844226279,37.769859313964844,4178100,0.0,0
2020-12-09,CTVA,37.81900953713062,38.70377743269951,37.809176657653396,38.34986877441406,3293800,0.0,0
2020-12-10,CTVA,38.01562703856773,38.56615210596257,37.83867643669836,38.08444595336914,3124000,0.0,0
2020-12-11,CTVA,37.661719784251595,38.04511960681617,37.41595028259276,37.74036407470703,3131000,0.0,0
2020-12-14,CTVA,39.32311756836463,39.54922504436536,38.0598625664867,38.10409927368164,3594000,0.0,0
2020-12-15,CTVA,38.575982200360585,38.65266141398963,37.59290420468533,38.55632019042969,3789100,0.0,0
2020-12-16,CTVA,38.634968172098404,38.634968172098404,37.96647477114412,38.41869354248047,3164700,0.0,0
2020-12-17,CTVA,38.66446147531665,39.02819930348199,38.54845823550925,39.00853729248047,4322000,0.0,0
2020-12-18,CTVA,38.75293597274139,39.00853837269413,38.16800706736521,38.743106842041016,9395000,0.0,0
2020-12-21,CTVA,38.005798413719646,38.94955247025945,37.67253425465249,38.8807373046875,2894300,0.0,0
2020-12-22,CTVA,38.93971749722391,39.042940230094864,38.290886211931735,38.320377349853516,2713800,0.0,0
2020-12-23,CTVA,38.448179319659666,38.87090313921723,38.448179319659666,38.51699447631836,2330800,0.0,0
2020-12-24,CTVA,38.36953702360639,38.88073808536607,38.36953702360639,38.83158493041992,847600,0.0,0
2020-12-28,CTVA,38.70378224848791,38.9003986109047,37.671551033481265,37.70104217529297,2545800,0.0,0
2020-12-29,CTVA,38.015623927440195,38.26139342399767,37.03746238118203,37.297977447509766,3183900,0.0,0
2020-12-30,CTVA,37.54374695236283,38.03528594558638,37.36679261479076,37.78951644897461,3396800,0.0,0
2020-12-31,CTVA,38.0057989679637,38.31055452718752,37.64206112318678,38.06478500366211,2316800,0.0,0
2021-01-04,CTVA,38.21224321751854,38.53666077802802,37.44544352925278,37.70104217529297,3693700,0.0,0
2021-01-05,CTVA,37.632226703059054,38.38919725457572,37.573244419918254,38.163089752197266,2647700,0.0,0
2021-01-06,CTVA,38.6546286693588,40.807568251222136,38.33021486257028,40.37501525878906,4991400,0.0,0
2021-01-07,CTVA,40.945199549013665,41.77098520588916,40.67976804321673,41.09265899658203,3986200,0.0,0
2021-01-08,CTVA,41.80048088489822,42.59677548876646,41.45640130291526,42.51812744140625,4667300,0.0,0
2021-01-11,CTVA,41.91844289151459,43.01948913768705,41.73657587214346,42.881858825683594,3624100,0.0,0
2021-01-12,CTVA,42.763892711002036,44.09104650197516,42.35100175386193,43.825618743896484,4517800,0.0,0
2021-01-13,CTVA,43.72731175308041,44.19918877288058,42.724571679700574,43.383235931396484,2634700,0.0,0
2021-01-14,CTVA,43.560185962075586,43.98290978687097,43.31441647092222,43.461875915527344,2113100,0.0,0
2021-01-15,CTVA,43.13746381859528,43.24560299894074,42.32150727609405,43.00966262817383,3792200,0.0,0
2021-01-19,CTVA,42.96051359328172,43.06865278398593,42.17405186563111,42.79338836669922,2507900,0.0,0
2021-01-20,CTVA,43.137466729778914,43.15712874118182,42.55745051890151,42.92118835449219,2660900,0.0,0
2021-01-21,CTVA,43.048988279752805,43.609342462646865,40.63061720093159,40.9452018737793,6190400,0.0,0
2021-01-22,CTVA,40.581459382731566,41.564537400725214,40.35535188861043,41.348262786865234,5239000,0.0,0
2021-01-25,CTVA,40.95503251738112,41.14181600186564,39.411600237272786,40.60112380981445,4729600,0.0,0
2021-01-26,CTVA,40.88621942746465,41.122159827867435,38.80209484951276,38.81192398071289,3252100,0.0,0
2021-01-27,CTVA,38.172920017946254,38.21224028729827,35.92167052870371,38.03528594970703,5413500,0.0,0
2021-01-28,CTVA,38.585813265223614,39.94246201732817,38.47767408025327,39.60821533203125,4019100,0.0,0
2021-01-29,CTVA,39.25430863588107,39.70652365957522,38.71361643362543,39.18549346923828,3686800,0.0,0
2021-02-01,CTVA,39.46075252861894,40.39467743092027,39.18549187325882,40.0211067199707,2761800,0.0,0
2021-02-02,CTVA,40.581465013588414,41.15165214321032,40.38485238282484,40.78791427612305,2451400,0.0,0
2021-02-03,CTVA,40.82722812048551,41.42690630022275,40.525423954659566,41.15164566040039,2668700,0.0,0
2021-02-04,CTVA,41.14181202187249,42.59677073448403,40.502813584044134,41.938106536865234,3403300,0.0,0
2021-02-05,CTVA,43.92392705017988,44.16969655974886,43.00966417457166,43.157127380371094,3533300,0.0,0
2021-02-08,CTVA,43.19644595534228,43.39306230530479,42.5672766355782,42.872032165527344,2719500,0.0,0
2021-02-09,CTVA,42.93101259845823,43.23576811529633,42.478797638100886,42.69507598876953,4515600,0.0,0
2021-02-10,CTVA,42.72457466970128,42.8130518514898,41.52522190007912,42.311683654785156,3234700,0.0,0
2021-02-11,CTVA,42.233031777218486,43.058817482366116,42.15438748394711,42.803218841552734,3030100,0.0,0
2021-02-12,CTVA,42.813047457961666,43.702735625241296,42.78847275729785,43.619171142578125,1973600,0.0,0
2021-02-16,CTVA,43.57002080213936,44.58750647886474,43.5601916712687,44.51377487182617,2532300,0.0,0
2021-02-17,CTVA,44.2385111926764,44.41054909728557,43.47171153204976,44.218849182128906,1877600,0.0,0
2021-02-18,CTVA,44.15003374987911,44.31715896343661,42.7049078597229,43.452049255371094,3106400,0.0,0
2021-02-19,CTVA,43.60934425398466,45.083961374835475,43.55035821909833,44.7005615234375,3558400,0.0,0
2021-02-22,CTVA,44.808698966553735,45.9687276062941,44.34665108664228,45.89008331298828,4308400,0.0,0
2021-02-23,CTVA,45.72295810557862,46.10144525201384,45.10362163892209,45.64431381225586,6306000,0.0,0
2021-02-24,CTVA,45.703300907845936,46.35213228096631,45.53617568666217,45.62465286254883,3217000,0.0,0
2021-02-25,CTVA,45.87042324438174,45.87042324438174,44.268004917597565,44.59242248535156,2920500,0.0,0
2021-02-26,CTVA,44.582558936380885,45.134662507506064,43.74453867732893,44.513545989990234,4889100,0.13,0
2021-03-01,CTVA,45.1741061131021,46.08113945029413,45.11495053863608,45.61776351928711,2553400,0.0,0
2021-03-02,CTVA,45.67691644168228,46.15014972716163,45.07551463276357,45.134666442871094,2935800,0.0,0
2021-03-03,CTVA,44.91777051494066,45.31212970843909,44.464251989077866,44.700870513916016,2842400,0.0,0
2021-03-04,CTVA,44.45439078884765,44.700866673957485,42.46286518584932,43.231868743896484,3530300,0.0,0
2021-03-05,CTVA,43.72481808231451,44.38044480286497,42.29526103692259,44.20791244506836,2853600,0.0,0
2021-03-08,CTVA,44.70087082914549,45.65719855576304,44.22763753705582,44.26707458496094,3485300,0.0,0
2021-03-09,CTVA,44.395238919373284,44.81917777793837,43.93186677420883,44.079750061035156,3973900,0.0,0
2021-03-10,CTVA,44.38538225543217,46.47549691593938,44.26707487187392,46.33747100830078,3388500,0.0,0
2021-03-11,CTVA,46.58394947015923,46.99802721576152,46.09099762391416,46.19944763183594,2487700,0.0,0
2021-03-12,CTVA,46.33746901270269,46.426200486780985,45.57832279246033,46.2388801574707,2176700,0.0,0
2021-03-15,CTVA,46.19943674015011,46.23887378117408,44.9079018535394,46.16986083984375,2993300,0.0,0
2021-03-16,CTVA,46.1698688609316,46.219163290313865,45.215511859152016,45.519168853759766,2300400,0.0,0
2021-03-17,CTVA,45.54874797601573,46.63324045316598,45.533960023470094,46.59380340576172,2711100,0.0,0
2021-03-18,CTVA,46.5839437918644,47.30365294834321,45.957896678251046,46.298030853271484,3180700,0.0,0
2021-03-19,CTVA,46.07127531815662,46.99802335911597,45.420579084946056,46.4064826965332,9286600,0.0,0
2021-03-22,CTVA,46.929013914185326,47.283939842628136,46.18958615023751,46.633243560791016,3358900,0.0,0
2021-03-23,CTVA,46.03183729776288,46.33746876482512,44.92762632919165,45.203678131103516,4287200,0.0,0
2021-03-24,CTVA,45.519168500141284,46.15014997847362,45.34170930792852,45.53888702392578,3425200,0.0,0
2021-03-25,CTVA,45.28255454573998,46.44592114334679,44.9572045388678,46.12057113647461,3739800,0.0,0
2021-03-26,CTVA,46.68253465065607,47.372667933115764,46.24873841413012,47.234642028808594,3358500,0.0,0
2021-03-29,CTVA,47.10647221871745,47.79660548232013,46.8501389407115,47.096614837646484,4063200,0.0,0
2021-03-30,CTVA,46.90929800007883,47.21492572802649,46.081138774323215,46.278316497802734,2573000,0.0,0
2021-03-31,CTVA,46.19944046474596,46.62337928762345,45.6029692746331,45.96282196044922,3814100,0.0,0
2021-04-01,CTVA,46.278316333619834,46.31775338254543,45.3910052983379,46.081138610839844,2976900,0.0,0
2021-04-05,CTVA,46.219162919321434,46.574088825503004,45.98254439489243,46.37690734863281,3039100,0.0,0
2021-04-06,CTVA,46.436058026959714,47.29379686629524,46.23888031582047,47.067039489746094,2541300,0.0,0
2021-04-07,CTVA,47.126189971907635,47.126189971907635,45.883953126455545,46.09099197387695,2208900,0.0,0
2021-04-08,CTVA,45.854374044344745,46.45577583242842,45.529027817253194,46.268455505371094,2181800,0.0,0
2021-04-09,CTVA,46.60366310775653,46.973376953666566,46.160005740479754,46.46563720703125,2552900,0.0,0
2021-04-12,CTVA,46.69239125073387,46.97830417379904,46.169863589280844,46.43605422973633,2449800,0.0,0
2021-04-13,CTVA,46.445919515297255,46.534650990340864,45.854375094698625,46.20930099487305,2542700,0.0,0
2021-04-14,CTVA,46.16986906396105,46.96844860186749,46.11071349188787,46.55437088012695,2958000,0.0,0
2021-04-15,CTVA,46.919152569185385,47.04239051943425,46.212260619266985,46.85013961791992,2190300,0.0,0
2021-04-16,CTVA,47.293801200122715,47.461403022134235,46.62338639022843,46.83042526245117,2834900,0.0,0
2021-04-19,CTVA,47.037459948365644,47.205065516384465,46.2388804377442,46.85013961791992,3157200,0.0,0
2021-04-20,CTVA,46.69239378656679,47.15083909813002,46.00226053376184,46.298030853271484,2421900,0.0,0
2021-04-21,CTVA,46.219159733723245,47.61914097725432,46.071272696032565,47.599422454833984,2732600,0.0,0
2021-04-22,CTVA,47.6585816718156,48.18110939273722,47.01774280731166,47.40224838256836,3445600,0.0,0
2021-04-23,CTVA,47.41210350213831,48.22547471107401,47.27407760213442,47.94449234008789,2501300,0.0,0
2021-04-26,CTVA,48.033230893940136,48.64449015303396,47.959287362059406,48.181114196777344,1890000,0.0,0
2021-04-27,CTVA,48.10223865479351,48.57547194238493,47.91491455948675,48.46702194213867,2083400,0.0,0
2021-04-28,CTVA,48.72335466934649,49.10786023696219,48.36843252842431,48.49659729003906,2641600,0.0,0
2021-04-29,CTVA,48.86138153076172,49.02898332983762,48.3289927085378,48.86138153076172,1809000,0.0,0
2021-04-30,CTVA,48.70363614585866,49.05363144956259,48.01350291899698,48.072654724121094,2426100,0.0,0
2021-05-03,CTVA,48.53603228497468,49.27545996224899,48.37828786425977,49.02898406982422,2480700,0.0,0
2021-05-04,CTVA,48.309277628589925,49.13743682408842,48.07265910376584,49.08814239501953,3447100,0.0,0
2021-05-05,CTVA,46.87971645538005,47.31351645587979,46.150149881505854,47.00788497924805,4184300,0.0,0
2021-05-06,CTVA,47.13605935561292,47.76703715003895,45.91353705821924,47.72760009765625,3228800,0.0,0
2021-05-07,CTVA,47.59942350955893,48.59814431478326,47.50083465619631,48.17124938964844,3362700,0.0,0
2021-05-10,CTVA,48.49659883601478,49.27546361645841,46.17972677977496,46.327613830566406,5547300,0.0,0
2021-05-11,CTVA,45.63747873561768,46.58394529291552,45.05579545877183,46.42620086669922,4086200,0.0,0
2021-05-12,CTVA,46.86000113192982,46.92901408928185,44.4051030525811,44.543128967285156,4909600,0.0,0
2021-05-13,CTVA,44.69143536303146,45.70984516595099,44.375036127720996,45.4033317565918,6047400,0.13,0
2021-05-14,CTVA,45.808725352784656,46.26354881253716,45.58130985113174,45.79883575439453,2211900,0.0,0
2021-05-17,CTVA,46.016361873958104,46.1448964794206,45.37367375953889,45.6999626159668,4149000,0.0,0
2021-05-18,CTVA,45.44288670902286,45.76917557153623,45.18581372152662,45.26491165161133,3353400,0.0,0
2021-05-19,CTVA,44.819975873575196,44.91884922491998,43.93998645078962,44.315711975097656,3138400,0.0,0
2021-05-20,CTVA,44.286054046473545,44.424478257451725,43.59392921980576,43.633480072021484,4225900,0.0,0
2021-05-21,CTVA,44.15751259657541,44.78042527450204,44.09818632237115,44.19706344604492,4346100,0.0,0
2021-05-24,CTVA,44.53323534764096,44.93862209999793,44.407661596989946,44.641998291015625,4032000,0.0,0
2021-05-25,CTVA,44.59256079787094,45.200642852542394,44.078414839885305,44.09818649291992,3549500,0.0,0
2021-05-26,CTVA,44.27616500854493,44.51346635306923,43.860892370348544,44.27616500854492,4609100,0.0,0
2021-05-27,CTVA,44.790306326239566,45.28468057657726,44.543119201070716,44.67165756225586,3708600,0.0,0
2021-05-28,CTVA,44.90895830139589,45.166035042148195,44.64199950628796,44.988059997558594,3028100,0.0,0
2021-06-01,CTVA,45.48243529868655,45.652500931812064,45.19075627407164,45.45277404785156,2543100,0.0,0
2021-06-02,CTVA,45.59119306398481,45.596137862487296,44.89906837290543,45.14625549316406,2729400,0.0,0
2021-06-03,CTVA,44.81008403559029,45.65051879534251,44.632108994644305,45.4626579284668,3318100,0.0,0
2021-06-04,CTVA,45.68018384986763,45.84134808354087,45.294572518129996,45.4428825378418,1437600,0.0,0
2021-06-07,CTVA,45.48243536650411,45.759283766114336,44.70132307128778,45.41322326660156,1989000,0.0,0
2021-06-08,CTVA,45.255021812423884,45.82849401296797,44.95839800029581,45.38356018066406,2464800,0.0,0
2021-06-09,CTVA,45.33412244974244,45.44288540078242,44.89907441735914,44.97817611694336,3077400,0.0,0
2021-06-10,CTVA,45.423109895799506,45.492321996925355,44.04874992804828,44.05863952636719,2921800,0.0,0
2021-06-11,CTVA,44.384924641640445,44.79031142216838,43.80156280900008,44.03886413574219,2942800,0.0,0
2021-06-14,CTVA,43.96964931068378,44.0586368312273,43.21819829903265,43.46538543701172,2263800,0.0,0
2021-06-15,CTVA,43.59392885933825,44.167401124616944,43.21820330994934,43.81145477294922,2747700,0.0,0
2021-06-16,CTVA,43.75212394396393,43.79167479173849,43.03528274398809,43.20831298828125,3422100,0.0,0
2021-06-17,CTVA,43.168764393046395,43.28741317078472,42.03170197674286,43.020450592041016,5380700,0.0,0
2021-06-18,CTVA,42.2591152475318,42.70404908351677,42.11080145435252,42.22945022583008,7900400,0.0,0
2021-06-21,CTVA,42.66450447193342,43.307188812021415,42.66450447193342,42.92157745361328,3819300,0.0,0
2021-06-22,CTVA,42.980903591158615,43.208315320472344,42.61506388716219,43.00067901611328,2226100,0.0,0
2021-06-23,CTVA,42.99078543106318,43.529655338720886,42.99078543106318,43.07977294921875,2627100,0.0,0
2021-06-24,CTVA,43.34673780961537,44.370092436956,42.97101229388468,43.85099792480469,3528900,0.0,0
2021-06-25,CTVA,44.14762783146949,44.22672576053353,43.50493971335695,43.66313934326172,3675800,0.0,0
2021-06-28,CTVA,43.65324936552431,43.96470379647071,43.07482860551482,43.84111022949219,3515000,0.0,0
2021-06-29,CTVA,44.236611251667426,44.55301048209938,43.692796538322185,43.78178405761719,2121800,0.0,0
2021-06-30,CTVA,43.93009962149599,43.96470567085431,43.5395434805798,43.85099792480469,3230200,0.0,0
2021-07-01,CTVA,44.03886776399589,44.39481789754659,43.57909947012239,44.11796569824219,2103800,0.0,0
2021-07-02,CTVA,44.23166604759041,44.31570876732775,43.702685735454935,43.99930953979492,1833900,0.0,0
2021-07-06,CTVA,43.94987557189398,43.99931224702972,43.32696290420939,43.59392547607422,2183600,0.0,0
2021-07-07,CTVA,43.267639959731646,43.851001823477375,42.39754384942842,42.89191818237305,3348100,0.0,0
2021-07-08,CTVA,42.45686351420625,42.80292778717475,42.08212996745507,42.41731643676758,2307700,0.0,0
2021-07-09,CTVA,43.060001588018004,43.12921368958164,42.47169872472711,42.96112823486328,3265600,0.0,0
2021-07-12,CTVA,42.40742508895519,43.51482241885761,42.20967462281423,43.307186126708984,2485500,0.0,0
2021-07-13,CTVA,43.42583830951209,43.603813365844246,42.46675469680738,42.56562805175781,2388200,0.0,0
2021-07-14,CTVA,42.61506548227526,43.18854151209638,42.100919501315566,42.189903259277344,3114200,0.0,0
2021-07-15,CTVA,41.92294303790614,42.55574155184369,41.64609085922596,41.94271469116211,2904400,0.0,0
2021-07-16,CTVA,42.0119337658193,42.17013340635792,41.12700323000808,41.33958435058594,3419700,0.0,0
2021-07-19,CTVA,40.67711489824119,40.855089939660274,40.14318977398394,40.469478607177734,4629200,0.0,0
2021-07-20,CTVA,40.44970541629252,41.54721697503347,40.2816199633276,41.26047897338867,2978300,0.0,0
2021-07-21,CTVA,41.77462775295799,42.19978994662371,41.59170790673271,41.735076904296875,3482700,0.0,0
2021-07-22,CTVA,41.86361899628758,41.90811087615221,41.25553690236634,41.79440689086914,1458500,0.0,0
2021-07-23,CTVA,41.98226038532207,41.98226038532207,41.42856363951538,41.655975341796875,1590300,0.0,0
2021-07-26,CTVA,41.78451330096798,41.97237794496893,41.37912653433252,41.87350082397461,2840200,0.0,0
2021-07-27,CTVA,41.52743998915058,42.100915970882035,40.94407818128907,42.051475524902344,2860100,0.0,0
2021-07-28,CTVA,42.189901075122535,42.66450372367605,41.97237894729348,42.33821487426758,2819800,0.0,0
2021-07-29,CTVA,42.7831517322755,43.28741185112294,42.624952109521736,42.73371505737305,2394500,0.0,0
2021-07-30,CTVA,42.32832529858769,43.00561561764347,42.23933778133806,42.29866027832031,2116200,0.0,0
2021-08-02,CTVA,42.516190597291974,42.961128229991054,41.972379611449384,42.00204086303711,1803300,0.0,0
2021-08-03,CTVA,42.12068660351648,42.62000567596773,41.79440154425252,42.58539962768555,3147200,0.0,0
2021-08-04,CTVA,42.308556653818144,42.40743001247966,41.76474563762606,41.79440689086914,2159000,0.0,0
2021-08-05,CTVA,41.85372902479296,42.189899919665365,40.9440783737174,40.97373962402344,5051800,0.0,0
2021-08-06,CTVA,43.50493852465129,45.19569773026931,43.25775137394304,44.256385803222656,6031100,0.0,0
2021-08-09,CTVA,44.35525834378183,45.04738304860984,44.05863454793445,44.67165756225586,4724200,0.0,0
2021-08-10,CTVA,44.65188320851364,45.31434668114793,44.523344844251525,45.11659622192383,3043700,0.0,0
2021-08-11,CTVA,45.136377156131275,45.36378889188404,44.82986371832011,45.225364685058594,2455500,0.0,0
2021-08-12,CTVA,45.23527974037643,45.800596453866035,44.739387620939475,45.681583404541016,2987400,0.14,0
2021-08-13,CTVA,45.76092509781679,45.94936652834581,45.522898994373506,45.612159729003906,2872700,0.0,0
2021-08-16,CTVA,45.126179752393455,45.284865068320364,44.73938453128139,44.79888916015625,4732800,0.0,0
2021-08-17,CTVA,44.63028625887973,44.87823229365128,43.97570887841707,44.699710845947266,6382800,0.0,0
2021-08-18,CTVA,44.451769764666864,44.9526218700577,43.53933007104065,43.57899856567383,3524700,0.0,0
2021-08-19,CTVA,42.904582432455136,43.32609374026098,42.12107579701698,42.200416564941406,2458000,0.0,0
2021-08-20,CTVA,42.14091280978736,42.458283454787356,41.49129157859593,41.595428466796875,3006200,0.0,0
2021-08-23,CTVA,41.823540459063274,42.02189806788104,41.51112977894106,41.605350494384766,3609800,0.0,0
2021-08-24,CTVA,41.66485219386487,42.46819875047968,41.66485219386487,42.200416564941406,3524600,0.0,0
2021-08-25,CTVA,42.12107979675111,43.60379624356108,41.92272218306973,43.42031478881836,3784400,0.0,0
2021-08-26,CTVA,43.48973285834463,44.16910635363921,43.301295234477834,43.62858581542969,3495500,0.0,0
2021-08-27,CTVA,43.86661268199094,44.46664164122075,43.73767968261773,43.81702423095703,2580300,0.0,0
2021-08-30,CTVA,43.9062866046026,43.9062866046026,43.35088609544415,43.400474548339844,1854900,0.0,0
2021-08-31,CTVA,43.529412458781735,43.66826165588202,43.12278104583511,43.60875701904297,4187000,0.0,0
2021-09-01,CTVA,43.995548535700514,44.12943774051415,43.2814626877437,44.015384674072266,2518000,0.0,0
2021-09-02,CTVA,44.07488931107343,45.056757352130845,44.04513699519054,44.55094528198242,2817600,0.0,0
2021-09-03,CTVA,44.44185219595963,45.101385825955184,44.44185219595963,44.55094528198242,3472000,0.0,0
2021-09-07,CTVA,44.25340814054279,44.392257317545166,43.926121335230945,43.96579360961914,2455100,0.0,0
2021-09-08,CTVA,43.97571279625215,44.23357503071099,43.24179080326584,43.7773551940918,3013300,0.0,0
2021-09-09,CTVA,43.55916116346512,43.77735490272494,43.16244974514139,43.22195816040039,2703300,0.0,0
2021-09-10,CTVA,43.75751642835075,43.75751642835075,43.00376212542453,43.06326675415039,2061200,0.0,0
2021-09-13,CTVA,43.241791900194215,43.48973796334523,42.26984378664504,42.78557205200195,1907400,0.0,0
2021-09-14,CTVA,43.003760842667866,43.10293774315685,41.81361912001883,41.91279602050781,1787500,0.0,0
2021-09-15,CTVA,41.95247265319387,42.73598311188016,41.888008039513345,42.61697006225586,2177900,0.0,0
2021-09-16,CTVA,42.54754183105358,42.6268825962355,41.952469067085794,42.23017120361328,2711200,0.0,0
2021-09-17,CTVA,42.101237595077045,42.57729352935309,40.97060427825191,41.5260009765625,7032100,0.0,0
2021-09-20,CTVA,40.66315580909229,41.22847255059893,40.385457419119014,41.149131774902344,2506600,0.0,0
2021-09-21,CTVA,41.32764242699373,41.45657542181679,40.79703807460809,41.05986404418945,3350900,0.0,0
2021-09-22,CTVA,41.535923835457204,42.04669209902418,41.43674314429688,41.595428466796875,2126700,0.0,0
2021-09-23,CTVA,41.853295432726526,42.43844828213834,41.773950877992974,42.06156921386719,2644000,0.0,0
2021-09-24,CTVA,41.902882485599314,42.200416989180795,41.684688750739866,41.9623908996582,2311800,0.0,0
2021-09-27,CTVA,42.021898415924184,43.212040295331356,42.021898415924184,43.102943420410156,2967200,0.0,0
2021-09-28,CTVA,43.221954262052606,43.64841795786324,42.33430701045447,42.6863899230957,2988400,0.0,0
2021-09-29,CTVA,42.8252403491213,42.874828800470475,42.25992368035678,42.507869720458984,2024700,0.0,0
2021-09-30,CTVA,42.54754623722135,42.7260677065635,41.71444730807686,41.734283447265625,2433200,0.0,0
2021-10-01,CTVA,42.00205540650085,43.504611506209784,41.843370100758946,43.142608642578125,3540600,0.0,0
2021-10-04,CTVA,43.241789208685944,43.50957139422422,42.06156738355633,42.200416564941406,2853900,0.0,0
2021-10-05,CTVA,42.33926907931853,43.52445097804108,42.13099529084538,43.102943420410156,3173800,0.0,0
2021-10-06,CTVA,42.49795282800083,42.68143427292983,41.22648774285335,41.654937744140625,3050200,0.0,0
2021-10-07,CTVA,42.12107877776824,42.69631168183586,41.94255730810943,42.14091491699219,2005400,0.0,0
2021-10-08,CTVA,42.4086878806627,42.84507532071857,42.15082567064841,42.428524017333984,1402700,0.0,0
2021-10-11,CTVA,42.577300107872816,43.03351997579063,42.07148799849524,42.11116027832031,1257900,0.0,0
2021-10-12,CTVA,41.863212737498166,42.21033949876844,41.43674520271481,41.605350494384766,1609000,0.0,0
2021-10-13,CTVA,41.97230417265577,42.002056485948216,41.0301084903806,41.89296340942383,2374000,0.0,0
2021-10-14,CTVA,42.24008529639961,43.251705540211375,42.180576887932055,43.013675689697266,1530600,0.0,0
2021-10-15,CTVA,43.321135958516365,43.56412203827181,42.97401298743716,43.152530670166016,2226100,0.0,0
2021-10-18,CTVA,42.076444357431164,43.162449278180496,41.76403369325348,42.92441940307617,2104600,0.0,0
2021-10-19,CTVA,43.152528582951476,43.3161738828407,42.57729571822089,43.27154541015625,1418600,0.0,0
2021-10-20,CTVA,43.19220410458234,44.164152232991206,43.19220410458234,43.76744079589844,2084900,0.0,0
2021-10-21,CTVA,43.46990131914469,43.638502809442876,42.240087302565435,42.359100341796875,2653300,0.0,0
2021-10-22,CTVA,42.39877319335937,42.89466527749223,42.23017170076525,42.398773193359375,1875700,0.0,0
2021-10-25,CTVA,42.63680168096905,42.745894757934515,42.14090961285679,42.17066192626953,3361100,0.0,0
2021-10-26,CTVA,42.299595713859304,42.502909498239845,41.96139392719888,42.359100341796875,1656700,0.0,0
2021-10-27,CTVA,42.11115723624162,42.200417967721485,41.72436199428106,41.764034271240234,2147300,0.0,0
2021-10-28,CTVA,41.8433711413992,42.78556682289237,41.8433711413992,42.6863899230957,2593400,0.0,0
2021-10-29,CTVA,42.55746038931485,43.13269704833638,42.339266651981646,42.79549026489258,3683900,0.0,0
2021-11-01,CTVA,42.815320599535895,43.07318660119071,42.49794996931177,42.65663528442383,2651700,0.0,0
2021-11-02,CTVA,42.69631089234019,42.98392923073402,41.79378738280104,42.488037109375,4306700,0.0,0
2021-11-03,CTVA,42.269839063050654,44.769135554322844,42.269839063050654,44.44184875488281,4392900,0.0,0
2021-11-04,CTVA,45.1261827774311,47.25852040003697,44.80881212430231,47.01057434082031,4465900,0.0,0
2021-11-05,CTVA,47.28826788670044,48.170955162021755,46.91138885584366,47.20892333984375,2727300,0.0,0
2021-11-08,CTVA,47.51638187313061,47.78416406678286,46.028705541744735,46.15763854980469,4538200,0.0,0
2021-11-09,CTVA,46.23698067395978,47.724657048905065,46.227064496137075,47.45687484741211,2541700,0.0,0
2021-11-10,CTVA,47.198253198721766,47.92437970399954,47.049047510949535,47.427032470703125,2025300,0.14,0
2021-11-11,CTVA,47.35740761116651,48.04374547710423,47.30767364310584,47.436981201171875,1397400,0.0,0
2021-11-12,CTVA,47.64586883384155,48.51125200030697,47.5812112618486,48.44162368774414,3811500,0.0,0
2021-11-15,CTVA,48.804685189611895,49.137910737134796,47.834859551750185,48.113372802734375,1790700,0.0,0
2021-11-16,CTVA,48.61071794457409,48.839497218553916,48.14321412142328,48.17305374145508,1645700,0.0,0
2021-11-17,CTVA,47.97411687497327,48.47146414151182,47.79507155546271,48.09347915649414,1533100,0.0,0
2021-11-18,CTVA,48.32226244535468,48.740032329697705,48.02385104858562,48.411781311035156,2404900,0.0,0
2021-11-19,CTVA,48.07358464858027,48.23273560899641,47.392217583492766,47.55634307861328,3253700,0.0,0
2021-11-22,CTVA,47.69560117339804,48.50627581026734,47.28777658753408,47.29772186279297,2710700,0.0,0
2021-11-23,CTVA,47.44693054090925,47.73539286954126,46.770537946959024,47.645870208740234,2005200,0.0,0
2021-11-24,CTVA,47.287779701530496,47.596132582819685,47.01921171835507,47.31761932373047,1291900,0.0,0
2021-11-26,CTVA,45.95488440207646,46.760584479055666,45.87530702464442,46.58154296875,1306500,0.0,0
2021-11-29,CTVA,47.0440768981596,47.14852316498264,46.18366823772249,46.34281921386719,2080700,0.0,0
2021-11-30,CTVA,46.05435154789819,46.17371381756254,44.53247027768876,44.76124954223633,4761900,0.0,0
2021-12-01,CTVA,45.53711045689352,46.72079927435141,44.40315939722927,44.42305374145508,2598900,0.0,0
2021-12-02,CTVA,44.7413591972905,46.25329532785875,44.64686200336171,45.94493865966797,2705200,0.0,0
2021-12-03,CTVA,46.00461933398569,47.2479874240934,45.333201324219175,45.79573440551758,3760300,0.0,0
2021-12-06,CTVA,46.39255054425304,47.29772238106269,46.09414295525857,46.8501091003418,3202300,0.0,0
2021-12-07,CTVA,47.4270338287939,48.16310563025367,47.23804324073442,47.49666213989258,2661700,0.0,0
2021-12-08,CTVA,47.83485724216739,48.09347613495761,47.24500490853867,47.85475158691406,2712200,0.0,0
2021-12-09,CTVA,47.546397715674125,48.16310726105484,47.47676940221784,47.775177001953125,1983900,0.0,0
2021-12-10,CTVA,48.14321534143203,48.40183424199738,47.43697936229674,47.70554733276367,2242500,0.0,0
2021-12-13,CTVA,47.34745371597227,47.39719147342299,46.30302531529576,46.38260269165039,2268800,0.0,0
2021-12-14,CTVA,46.29307980125947,46.7804779483094,45.880280701083834,46.064300537109375,2425100,0.0,0
2021-12-15,CTVA,46.01456667497306,46.01456667497306,44.88061553299931,45.8454704284668,2913100,0.0,0
2021-12-16,CTVA,46.19361128144606,47.20322938776533,46.05435465835606,46.73074722290039,3363800,0.0,0
2021-12-17,CTVA,46.88989928026698,46.88989928026698,45.696265091912906,45.83552551269531,6903500,0.0,0
2021-12-20,CTVA,45.43764673411721,45.43764673411721,43.65714260298518,44.522525787353516,3372700,0.0,0
2021-12-21,CTVA,45.029819280524784,45.87530806540132,44.83087962688963,45.576900482177734,2223400,0.0,0
2021-12-22,CTVA,45.60674387272844,45.97478359044178,45.40780799710443,45.68632125854492,2940500,0.0,0
2021-12-23,CTVA,45.775841276983364,46.54175649617472,45.69626389576216,46.19361114501953,1923800,0.0,0
2021-12-27,CTVA,46.14387627042417,46.7804801298257,46.00461965048738,46.76058578491211,1310500,0.0,0
2021-12-28,CTVA,46.69095975653037,47.28777874972701,46.56165219996082,47.12862777709961,1616700,0.0,0
2021-12-29,CTVA,46.95952496715755,47.27782689365606,46.780479659194846,47.09878158569336,1160900,0.0,0
2021-12-30,CTVA,47.24798771071609,47.50660660546573,46.81032350634813,46.87000274658203,1192200,0.0,0
2021-12-31,CTVA,46.69095565507142,47.16840853101289,46.63127641711509,47.029151916503906,1457000,0.0,0
2022-01-03,CTVA,47.148519878026406,47.52650104848251,46.541755638007,46.65117263793945,2071200,0.0,0
2022-01-04,CTVA,46.86005758081827,48.073586061186305,46.86005758081827,47.51655578613281,2529200,0.0,0
2022-01-05,CTVA,47.76523278888232,48.003957356198164,46.959528836659544,46.98937225341797,2498600,0.0,0
2022-01-06,CTVA,47.28777956553617,47.99401178160055,46.82027191530213,47.645870208740234,2685800,0.0,0
2022-01-07,CTVA,47.645867219320515,48.54108997670363,47.54639549441684,48.16310501098633,2463600,0.0,0
2022-01-10,CTVA,48.04374455423869,48.04374455423869,46.57159712006164,47.138572692871094,2145200,0.0,0
2022-01-11,CTVA,47.25793728046739,48.23274129673326,46.999318362215945,48.15316390991211,1867000,0.0,0
2022-01-12,CTVA,48.71018985748423,49.08817102754568,48.23273696283426,48.600772857666016,1988000,0.0,0
2022-01-13,CTVA,48.560986581218096,49.147856504852584,48.28247332744529,48.64056396484375,2107800,0.0,0
2022-01-14,CTVA,48.06363460070465,48.52119312827891,47.56131285061871,48.34214782714844,2039600,0.0,0
2022-01-18,CTVA,47.88459014892578,48.10342414184639,47.496659921081566,47.88459014892578,1877800,0.0,0
2022-01-19,CTVA,48.17305420857216,48.242682518960386,46.91973703266745,46.96947479248047,2530800,0.0,0
2022-01-20,CTVA,47.24798900540992,47.725441912655896,46.15382656727853,46.29308319091797,2191200,0.0,0
2022-01-21,CTVA,45.92504392942371,46.50196856937851,45.07955510958202,45.198917388916016,2360700,0.0,0
2022-01-24,CTVA,44.46284633593774,46.04441079347678,43.507940495959815,45.82557678222656,3365500,0.0,0
2022-01-25,CTVA,44.80103958192599,46.183664280164486,43.98539042477151,45.80567932128906,4314600,0.0,0
2022-01-26,CTVA,46.193610965060316,46.860058249587226,45.144207969658815,45.765892028808594,2986200,0.0,0
2022-01-27,CTVA,46.23340106313275,47.29772390124476,46.05435574508975,46.59149169921875,2506200,0.0,0
2022-01-28,CTVA,46.51191166077202,47.22809289206112,45.85541346357644,47.20819854736328,2271500,0.0,0
2022-01-31,CTVA,47.18830536230192,47.944275301564396,47.00926005007967,47.824913024902344,2573500,0.0,0
2022-02-01,CTVA,47.69559930024947,48.08352952590216,47.10872942710719,47.67570495605469,4429000,0.0,0
2022-02-02,CTVA,47.61602254967919,48.10342450271568,47.40713762457421,47.8746452331543,3597400,0.0,0
2022-02-03,CTVA,47.78512380162106,49.08817114392431,47.118676525902046,48.27252197265625,4054900,0.0,0
2022-02-04,CTVA,47.99400944496269,50.48572022056402,47.99400944496269,49.9833984375,4931500,0.0,0
2022-02-07,CTVA,50.082868054597114,50.23207375184143,49.08817352485768,49.287113189697266,4646600,0.0,0
2022-02-08,CTVA,49.38658662374185,50.15249809895033,49.07822994287577,50.10276412963867,4336000,0.0,0
2022-02-09,CTVA,50.58021038442727,51.35110008754411,50.53047642168447,51.26655197143555,2901500,0.0,0
2022-02-10,CTVA,51.027825229820586,52.10209707197554,50.431010069373336,50.679683685302734,4628200,0.0,0
2022-02-11,CTVA,50.65978964259478,51.4654935290125,50.2022310972279,50.779151916503906,3194800,0.0,0
2022-02-14,CTVA,50.92835906762434,51.276500624217086,50.10276081276385,50.62995147705078,5552300,0.0,0
2022-02-15,CTVA,50.172385679525874,50.85872726462888,49.93366114123988,50.619998931884766,4652900,0.0,0
2022-02-16,CTVA,51.0079320752715,51.62464538917481,50.62995090225012,51.18697738647461,3283700,0.0,0
2022-02-17,CTVA,50.58518672487161,51.30634249099008,50.19228195459843,50.99798583984375,2920200,0.0,0
2022-02-18,CTVA,51.216824628711954,51.53512658475768,50.21218099694502,50.43101501464844,2670100,0.0,0
2022-02-22,CTVA,50.45090658413414,50.96814818285148,49.98339895185034,50.40116882324219,2923700,0.0,0
2022-02-23,CTVA,50.719471852579325,51.236709629266436,50.043079320655295,50.15249252319336,3330800,0.0,0
2022-02-24,CTVA,49.336844883752846,49.88890062587509,48.749974986472374,49.78445816040039,3156900,0.0,0
2022-02-25,CTVA,50.02318854057229,51.584858640255746,49.91377153577969,51.564964294433594,3414300,0.0,0
2022-02-28,CTVA,50.876763898797826,51.92402441859966,50.51770738871173,51.894100189208984,4551900,0.14,0
2022-03-01,CTVA,51.983866831788774,52.223241650447704,49.889353338641186,50.23843765258789,3091100,0.0,0
2022-03-02,CTVA,50.69723818291049,51.674678049567035,50.60747310307807,51.16600799560547,4594300,0.0,0
2022-03-03,CTVA,51.51509470986742,51.63478021148409,50.791986085085775,51.385433197021484,3877000,0.0,0
2022-03-04,CTVA,50.90668591524751,51.395403918825544,49.98908695007097,51.34553527832031,5847100,0.0,0
2022-03-07,CTVA,51.754467989477696,53.87890571146608,50.966530475983056,51.086219787597656,8059100,0.0,0
2022-03-08,CTVA,50.92663570386726,51.60485988892027,49.430553614144486,49.949195861816406,5231200,0.0,0
2022-03-09,CTVA,50.27833126898346,51.79436155614427,50.0888289098634,51.39540481567383,4827300,0.0,0
2022-03-10,CTVA,50.91666082443975,53.549764752125476,50.91666082443975,53.45002746582031,4712500,0.0,0
2022-03-11,CTVA,53.69937480351607,54.89624126991584,53.21963213769665,53.50987243652344,4039100,0.0,0
2022-03-14,CTVA,53.79910992192672,54.65686425168523,53.071017103691425,54.06840515136719,4971100,0.0,0
2022-03-15,CTVA,53.97864035168581,55.295192276990335,53.72929333848824,54.846370697021484,5530400,0.0,0
2022-03-16,CTVA,55.345066715160804,55.953470253281836,53.79911213391363,54.61697006225586,5367600,0.0,0
2022-03-17,CTVA,54.26788292402516,55.818821625454255,54.25791071774098,55.64427947998047,4400000,0.0,0
2022-03-18,CTVA,55.65425199482211,55.83378214680004,54.89623875681908,55.70412063598633,11274700,0.0,0
2022-03-21,CTVA,56.04323340578578,56.83117088188029,55.43981408945521,56.80125045776367,5814000,0.0,0
2022-03-22,CTVA,57.100466837765204,57.19023191598772,56.14297520654746,56.33247756958008,5106500,0.0,0
2022-03-23,CTVA,57.02067310603716,57.57921178485601,56.302556295822605,57.260047912597656,3902500,0.0,0
2022-03-24,CTVA,57.49942453998087,58.58657770326675,57.46950031025478,58.33723068237305,4758800,0.0,0
2022-03-25,CTVA,58.36715150747596,59.65378305724345,58.36715150747596,59.63383483886719,4670200,0.0,0
2022-03-28,CTVA,59.185008015519394,59.4243828255509,58.44693917226131,58.875816345214844,3276600,0.0,0
2022-03-29,CTVA,57.69889925298379,57.96819449277079,56.103079837283396,57.8784294128418,4215100,0.0,0
2022-03-30,CTVA,58.377122680417116,58.93566137086,57.83853601273078,58.2175407409668,3440100,0.0,0
2022-03-31,CTVA,57.88840317814241,58.78605013786791,57.21017900160308,57.329864501953125,4327800,0.0,0
2022-04-01,CTVA,57.75874399438717,58.29733447476812,57.489448754196694,58.137752532958984,2430900,0.0,0
2022-04-04,CTVA,58.17764587124788,58.72620852920634,57.19521804863316,58.516754150390625,2356800,0.0,0
2022-04-05,CTVA,58.64641936683123,58.98553147214038,57.88840608688153,58.127777099609375,3220000,0.0,0
2022-04-06,CTVA,58.04798619662292,58.586576665347714,57.718846308602146,57.89837646484375,2868800,0.0,0
2022-04-07,CTVA,58.06793544323982,58.59654991001972,57.763731773370814,58.33723068237305,2321800,0.0,0
2022-04-08,CTVA,59.04537304188751,60.1524743809125,58.70626095430087,59.484222412109375,2478900,0.0,0
2022-04-11,CTVA,59.59393692016601,59.91310079678236,59.194980172028814,59.593936920166016,2487700,0.0,0
2022-04-12,CTVA,59.6837002637612,60.571375007599094,59.45430147190572,60.47163772583008,2813000,0.0,0
2022-04-13,CTVA,60.68108870842939,61.050121219136386,59.952995893365994,60.790802001953125,2193500,0.0,0
2022-04-14,CTVA,61.16981083379735,61.57873978144635,60.72098545107687,60.850643157958984,3714400,0.0,0
2022-04-18,CTVA,60.870591066958184,61.33936466483832,60.56140320855507,60.790802001953125,3289700,0.0,0
2022-04-19,CTVA,61.18975529520903,61.66850490698017,60.48161069342831,60.98030471801758,3865400,0.0,0
2022-04-20,CTVA,61.3992106250107,61.72335870221113,60.252212828854745,61.15983581542969,4258500,0.0,0
2022-04-21,CTVA,61.718374419084874,61.877956357015144,59.94302107928541,60.052734375,3942200,0.0,0
2022-04-22,CTVA,59.68370067305952,60.01283674894117,57.040620835987234,57.52934265136719,4987500,0.0,0
2022-04-25,CTVA,56.74140825149961,57.3797360250689,55.6343068546444,57.15033721923828,4215500,0.0,0
2022-04-26,CTVA,57.09049349922638,57.61910794675931,56.35242467017151,56.482086181640625,4118800,0.0,0
2022-04-27,CTVA,56.781301750123575,57.75874157841117,56.34245237968836,57.0705451965332,4522700,0.0,0
2022-04-28,CTVA,57.559262537564464,57.90336262686033,56.71647223592783,57.668975830078125,4599700,0.0,0
2022-04-29,CTVA,57.918322787989965,58.73618067089805,57.4196287713517,57.53931427001953,6933100,0.0,0
2022-05-02,CTVA,57.619108492000926,57.84850728847341,56.003340905475845,57.19023132324219,5231600,0.0,0
2022-05-03,CTVA,57.260049033156925,57.42960698377494,56.352426040272846,57.11043930053711,5304900,0.0,0
2022-05-04,CTVA,57.36976321774322,59.06033572073921,56.900989599363506,58.985530853271484,5025300,0.0,0
2022-05-05,CTVA,56.202816562663244,59.4443278097761,56.18287214930809,57.888404846191406,6842900,0.0,0
2022-05-06,CTVA,56.990754799143865,57.12041631604483,54.68679074848469,55.59441375732422,5236400,0.0,0
2022-05-09,CTVA,54.8912521680348,54.8912521680348,52.81169895947252,52.94136047363281,5314400,0.0,0
2022-05-10,CTVA,54.10830259259308,54.23796410652745,52.127489832198634,52.682037353515625,4323300,0.0,0
2022-05-11,CTVA,52.66208938860794,54.33770165229063,52.40277016422698,53.459999084472656,3899600,0.0,0
2022-05-12,CTVA,53.029998779296875,54.060001373291016,52.68000030517578,54.04999923706055,3748600,0.14,0
2022-05-13,CTVA,54.47999954223633,55.935001373291016,54.400001525878906,55.470001220703125,3881300,0.0,0
2022-05-16,CTVA,55.40999984741211,57.18000030517578,55.279998779296875,56.540000915527344,3620700,0.0,0
2022-05-17,CTVA,57.279998779296875,57.91999816894531,56.66999816894531,57.61000061035156,4238000,0.0,0
2022-05-18,CTVA,57.0359992980957,58.29999923706055,56.86000061035156,57.09000015258789,4319300,0.0,0
2022-05-19,CTVA,56.47999954223633,59.07600021362305,56.43000030517578,59.0,6912300,0.0,0
2022-05-20,CTVA,59.470001220703125,59.779998779296875,58.040000915527344,59.22999954223633,9441900,0.0,0
2022-05-23,CTVA,59.849998474121094,61.17499923706055,59.19200134277344,60.90999984741211,4956300,0.0,0
2022-05-24,CTVA,60.65999984741211,62.19499969482422,60.25,62.09000015258789,5808300,0.0,0
2022-05-25,CTVA,61.66999816894531,62.459999084472656,61.39500045776367,62.0099983215332,5374200,0.0,0
2022-05-26,CTVA,62.52000045776367,64.02999877929688,62.45000076293945,63.16999816894531,5745200,0.0,0
2022-05-27,CTVA,62.939998626708984,63.1150016784668,61.220001220703125,62.90999984741211,6501900,0.0,0
2022-05-31,CTVA,62.97999954223633,63.970001220703125,62.36000061035156,62.619998931884766,12551200,0.0,0
2022-06-01,CTVA,63.0099983215332,63.27000045776367,61.80099868774414,62.33000183105469,4259100,0.0,0
2022-06-02,CTVA,62.720001220703125,63.02000045776367,62.060001373291016,62.540000915527344,4820200,0.0,0
2022-06-03,CTVA,62.5,62.70000076293945,61.7400016784668,62.0,3425000,0.0,0
2022-06-06,CTVA,62.20000076293945,62.415000915527344,61.380001068115234,61.720001220703125,2699300,0.0,0
2022-06-07,CTVA,61.349998474121094,62.529998779296875,61.310001373291016,62.380001068115234,3560000,0.0,0
2022-06-08,CTVA,61.86000061035156,62.400001525878906,61.31999969482422,62.0,3734400,0.0,0
2022-06-09,CTVA,61.470001220703125,61.650001525878906,60.86000061035156,61.08000183105469,4500600,0.0,0
2022-06-10,CTVA,60.15999984741211,60.314998626708984,57.970001220703125,57.97999954223633,3551200,0.0,0
